Time,Open,High,Low,Close,,,,,,,,
1766275200000000,88360.91,88392.54,88360.9,88381.22,,,,,,,,
1766275260000000,88381.21,88381.22,88368.85,88368.86,,,,,,,,
1766275320000000,88368.85,88368.86,88368.85,88368.86,,,,,,,,
1766275380000000,88368.86,88380,88368.85,88379.99,,,,,,,,
1766275440000000,88380,88380,88340,88340,,,,,,,,
1766275500000000,88340,88340.01,88340,88340.01,,,,,,,,
1766275560000000,88340.01,88340.01,88323.49,88340.01,,,,,,,,
1766275620000000,88340,88340.01,88331.17,88331.17,,,,,,,,
1766275680000000,88331.17,88331.17,88306,88306.01,,,,,,,,
1766275740000000,88306,88312.2,88306,88312.19,,,,,,,,
1766275800000000,88312.19,88312.2,88307.75,88307.75,,,,,,,,
1766275860000000,88307.76,88307.76,88307.75,88307.75,,,,,,,,
1766275920000000,88307.76,88326.49,88307.75,88326.48,,,,,,,,
1766275980000000,88326.49,88326.49,88326.48,88326.49,,,,,,,,
1766276040000000,88326.49,88326.49,88326.48,88326.49,,,,,,,,
1766276100000000,88326.49,88339.73,88326.48,88339.73,,,,,,,,
1766276160000000,88339.73,88339.73,88339.72,88339.72,,,,,,,,
1766276220000000,88339.73,88339.73,88329.8,88329.81,,,,,,,,
1766276280000000,88329.81,88350,88329.8,88350,,,,,,,,
1766276340000000,88349.99,88355.85,88349.99,88355.85,,,,,,,,
1766276400000000,88355.85,88355.85,88355.84,88355.84,,,,,,,,
1766276460000000,88355.84,88410,88355.84,88409.99,,,,,,,,
1766276520000000,88409.99,88416,88409.99,88415.99,,,,,,,,
1766276580000000,88416,88416,88414.71,88414.71,,,,,,,,
1766276640000000,88414.72,88414.72,88414.71,88414.71,,,,,,,,
1766276700000000,88414.71,88414.72,88414.71,88414.71,,,,,,,,
1766276760000000,88414.72,88414.73,88414.71,88414.73,,,,,,,,
1766276820000000,88414.72,88414.73,88414.72,88414.73,,,,,,,,
1766276880000000,88414.72,88414.73,88414.72,88414.72,,,,,,,,
1766276940000000,88414.73,88414.73,88414.72,88414.72,,,,,,,,
1766277000000000,88414.73,88433.64,88414.72,88433.63,,,,,,,,
1766277060000000,88433.63,88433.64,88433.63,88433.63,,,,,,,,
1766277120000000,88433.63,88433.64,88380.91,88380.92,,,,,,,,
1766277180000000,88380.92,88380.92,88380.91,88380.91,,,,,,,,
1766277240000000,88380.91,88380.92,88380.91,88380.92,,,,,,,,
1766277300000000,88380.92,88380.92,88354,88354.01,,,,,,,,
1766277360000000,88354,88366.43,88354,88366.42,,,,,,,,
1766277420000000,88366.43,88366.43,88357.59,88357.59,,,,,,,,
1766277480000000,88357.6,88357.6,88310.69,88310.7,,,,,,,,
1766277540000000,88310.69,88324.39,88306.72,88324.39,,,,,,,,
1766277600000000,88324.38,88324.39,88324.38,88324.39,,,,,,,,
1766277660000000,88324.38,88324.39,88324.38,88324.38,,,,,,,,
1766277720000000,88324.38,88324.38,88314.93,88314.94,,,,,,,,
1766277780000000,88314.93,88336.81,88314.93,88336.81,,,,,,,,
1766277840000000,88336.8,88336.81,88336.8,88336.8,,,,,,,,
1766277900000000,88336.8,88340,88336.8,88340,,,,,,,,
1766277960000000,88339.99,88340,88333.61,88333.61,,,,,,,,
1766278020000000,88333.61,88333.62,88325.16,88325.16,,,,,,,,
1766278080000000,88325.16,88334,88325.16,88333.99,,,,,,,,
1766278140000000,88334,88334,88333.99,88334,,,,,,,,
1766278200000000,88334,88334,88333.99,88334,,,,,,,,
1766278260000000,88333.99,88352.16,88333.99,88342.92,,,,,,,,
1766278320000000,88342.92,88342.93,88342.92,88342.93,,,,,,,,
1766278380000000,88342.93,88342.93,88342.92,88342.92,,,,,,,,
1766278440000000,88342.92,88342.93,88342,88342.01,,,,,,,,
1766278500000000,88342,88342.01,88342,88342.01,,,,,,,,
1766278560000000,88342,88342.01,88342,88342.01,,,,,,,,
1766278620000000,88342,88342.01,88342,88342,,,,,,,,
1766278680000000,88342.01,88358.83,88342,88358.83,,,,,,,,
1766278740000000,88358.83,88387.93,88358.82,88387.92,,,,,,,,
1766278800000000,88387.93,88387.93,88359.85,88359.85,,,,,,,,
1766278860000000,88359.85,88359.86,88347.29,88347.29,,,,,,,,
1766278920000000,88347.3,88347.3,88347.29,88347.29,,,,,,,,
1766278980000000,88347.29,88347.3,88347.29,88347.29,,,,,,,,
1766279040000000,88347.29,88347.3,88347.29,88347.3,,,,,,,,
1766279100000000,88347.3,88347.3,88347.29,88347.3,,,,,,,,
1766279160000000,88347.29,88347.3,88347.29,88347.29,,,,,,,,
1766279220000000,88347.3,88347.3,88338.46,88338.47,,,,,,,,
1766279280000000,88338.47,88338.47,88338.46,88338.46,,,,,,,,
1766279340000000,88338.46,88347.3,88338.46,88338.46,,,,,,,,
1766279400000000,88338.46,88338.47,88338.46,88338.47,,,,,,,,
1766279460000000,88338.46,88338.47,88338.46,88338.47,,,,,,,,
1766279520000000,88338.46,88338.47,88289.45,88289.46,,,,,,,,
1766279580000000,88289.45,88289.46,88289.45,88289.46,,,,,,,,
1766279640000000,88289.46,88300.65,88289.46,88300.65,,,,,,,,
1766279700000000,88300.64,88300.65,88300.64,88300.65,,,,,,,,
1766279760000000,88300.64,88300.66,88300.64,88300.66,,,,,,,,
1766279820000000,88300.66,88306.84,88300.65,88306.83,,,,,,,,
1766279880000000,88306.83,88322.14,88306.83,88322.14,,,,,,,,
1766279940000000,88322.13,88322.14,88322.13,88322.13,,,,,,,,
1766280000000000,88322.14,88322.14,88308.89,88308.89,,,,,,,,
1766280060000000,88308.9,88308.9,88308.89,88308.89,,,,,,,,
1766280120000000,88308.89,88308.89,88303.47,88303.47,,,,,,,,
1766280180000000,88303.47,88303.48,88303.47,88303.48,,,,,,,,
1766280240000000,88303.48,88303.48,88293.72,88293.73,,,,,,,,
1766280300000000,88293.72,88293.73,88293.72,88293.72,,,,,,,,
1766280360000000,88293.72,88293.73,88293.72,88293.72,,,,,,,,
1766280420000000,88293.73,88293.73,88293.72,88293.72,,,,,,,,
1766280480000000,88293.72,88293.73,88293.72,88293.72,,,,,,,,
1766280540000000,88293.72,88293.72,88290,88290.01,,,,,,,,
1766280600000000,88290.01,88290.01,88267.09,88267.09,,,,,,,,
1766280660000000,88267.09,88267.1,88267.09,88267.09,,,,,,,,
1766280720000000,88267.09,88267.1,88267.09,88267.09,,,,,,,,
1766280780000000,88267.09,88267.09,88241.02,88241.03,,,,,,,,
1766280840000000,88241.02,88241.02,88187.6,88189.59,,,,,,,,
1766280900000000,88189.59,88220,88189.58,88220,,,,,,,,
1766280960000000,88220,88220,88181.5,88218.97,,,,,,,,
1766281020000000,88218.97,88218.97,88188.91,88188.92,,,,,,,,
1766281080000000,88188.92,88206.56,88188.91,88200.24,,,,,,,,
1766281140000000,88200.23,88200.24,88063.42,88114,,,,,,,,
1766281200000000,88114,88132.23,88089.9,88113.75,,,,,,,,
1766281260000000,88113.74,88113.75,88063.42,88078.98,,,,,,,,
1766281320000000,88078.98,88078.98,88069.54,88069.55,,,,,,,,
1766281380000000,88069.55,88069.55,88069.54,88069.54,,,,,,,,
1766281440000000,88069.55,88092.21,88069.54,88092.14,,,,,,,,
1766281500000000,88092.15,88124.2,88092.15,88124.2,,,,,,,,
1766281560000000,88124.2,88138.72,88124.19,88138.71,,,,,,,,
1766281620000000,88138.71,88138.72,88113.13,88113.14,,,,,,,,
1766281680000000,88113.14,88113.14,88113.13,88113.13,,,,,,,,
1766281740000000,88113.13,88131.15,88113.13,88125.87,,,,,,,,
1766281800000000,88125.87,88125.87,88106.06,88113.16,,,,,,,,
1766281860000000,88113.16,88113.17,88113.16,88113.16,,,,,,,,
1766281920000000,88113.17,88117.9,88113.16,88117.89,,,,,,,,
1766281980000000,88117.9,88129.21,88117.89,88129.2,,,,,,,,
1766282040000000,88129.21,88156.78,88127.83,88127.84,,,,,,,,
1766282100000000,88127.83,88127.84,88108.23,88108.24,,,,,,,,
1766282160000000,88108.24,88108.24,88041.78,88046.54,,,,,,,,
1766282220000000,88046.54,88059.52,88046.54,88059.52,,,,,,,,
1766282280000000,88059.51,88059.52,88040,88046.73,,,,,,,,
1766282340000000,88046.73,88046.73,88011.83,88011.83,,,,,,,,
1766282400000000,88011.84,88047.71,88011.83,88047.71,,,,,,,,
1766282460000000,88047.71,88047.72,88004.02,88037.8,,,,,,,,
1766282520000000,88037.79,88055.82,88037.79,88043.61,,,,,,,,
1766282580000000,88043.6,88070.17,88038.01,88070.17,,,,,,,,
1766282640000000,88070.16,88149.99,88070.16,88081.11,,,,,,,,
1766282700000000,88081.12,88081.12,88068,88068,,,,,,,,
1766282760000000,88068.01,88068.01,88022.09,88060.76,,,,,,,,
1766282820000000,88060.77,88077.03,88031.52,88031.53,,,,,,,,
1766282880000000,88031.52,88051.32,88031.52,88051.32,,,,,,,,
1766282940000000,88051.32,88051.32,88041.33,88041.33,,,,,,,,
1766283000000000,88041.33,88046.4,88040,88040,,,,,,,,
1766283060000000,88040.01,88040.01,88031.34,88031.34,,,,,,,,
1766283120000000,88031.35,88031.35,88018.31,88018.31,,,,,,,,
1766283180000000,88018.31,88018.32,88000,88000,,,,,,,,
1766283240000000,88000,88027.68,88000,88027.67,,,,,,,,
1766283300000000,88027.67,88027.67,88000,88000.01,,,,,,,,
1766283360000000,88000,88000.01,87951.63,87951.84,,,,,,,,
1766283420000000,87951.84,87961.6,87951.83,87960.15,,,,,,,,
1766283480000000,87960.15,87999.63,87960.14,87985.71,,,,,,,,
1766283540000000,87985.72,87999.64,87985.71,87999.64,,,,,,,,
1766283600000000,87999.63,87999.64,87993.15,87993.15,,,,,,,,
1766283660000000,87993.16,87999.65,87950,87950,,,,,,,,
1766283720000000,87950.01,87975.8,87938.81,87938.81,,,,,,,,
1766283780000000,87938.8,87938.81,87924.38,87924.38,,,,,,,,
1766283840000000,87924.39,87924.39,87924.38,87924.38,,,,,,,,
1766283900000000,87924.39,87924.39,87916.91,87916.91,,,,,,,,
1766283960000000,87916.91,87916.92,87892.96,87892.96,,,,,,,,
1766284020000000,87892.56,87926.13,87869.35,87926.13,,,,,,,,
1766284080000000,87926.13,87998,87926.12,87998,,,,,,,,
1766284140000000,87997.99,87998,87955.11,87955.12,,,,,,,,
1766284200000000,87955.12,87955.12,87945.34,87945.35,,,,,,,,
1766284260000000,87945.34,87972.05,87940,87962.94,,,,,,,,
1766284320000000,87962.93,88002.89,87962.93,88002.89,,,,,,,,
1766284380000000,88002.89,88002.9,87993.2,87999.99,,,,,,,,
1766284440000000,88000,88000,87984.75,87984.75,,,,,,,,
1766284500000000,87984.76,88015,87984.75,88015,,,,,,,,
1766284560000000,88014.99,88043.79,88014.99,88043.79,,,,,,,,
1766284620000000,88043.78,88043.79,87978.74,87996.47,,,,,,,,
1766284680000000,87996.47,87996.47,87982.15,87982.16,,,,,,,,
1766284740000000,87982.15,87982.15,87931.49,87931.5,,,,,,,,
1766284800000000,87931.5,87931.5,87921.66,87931.49,,,,,,,,
1766284860000000,87931.49,87947.06,87931.48,87947.06,,,,,,,,
1766284920000000,87947.06,87947.91,87947.05,87947.72,,,,,,,,
1766284980000000,87947.71,87960.7,87947.71,87960.69,,,,,,,,
1766285040000000,87960.69,87960.7,87948.06,87948.07,,,,,,,,
1766285100000000,87948.07,87948.07,87912.19,87912.2,,,,,,,,
1766285160000000,87912.2,87937.09,87886.54,87937.08,,,,,,,,
1766285220000000,87937.09,87950,87900.64,87900.64,,,,,,,,
1766285280000000,87900.64,87900.65,87890.14,87890.15,,,,,,,,
1766285340000000,87890.14,87890.15,87890.14,87890.14,,,,,,,,
1766285400000000,87890.15,87905.15,87890.14,87905.14,,,,,,,,
1766285460000000,87905.15,87986,87905.14,87961.57,,,,,,,,
1766285520000000,87961.56,87961.56,87946.78,87953.64,,,,,,,,
1766285580000000,87953.64,88017.2,87944,87944,,,,,,,,
1766285640000000,87944.01,87944.01,87902.77,87927.59,,,,,,,,
1766285700000000,87927.59,87927.59,87914.02,87915.62,,,,,,,,
1766285760000000,87915.61,87936.39,87915.61,87936.39,,,,,,,,
1766285820000000,87936.39,87961.6,87936.38,87961.6,,,,,,,,
1766285880000000,87961.6,87961.6,87943.75,87943.75,,,,,,,,
1766285940000000,87943.75,87943.76,87943.75,87943.76,,,,,,,,
1766286000000000,87943.76,87943.76,87934.48,87934.49,,,,,,,,
1766286060000000,87934.48,87961.33,87934.48,87961.33,,,,,,,,
1766286120000000,87961.33,88017.99,87961.33,88017.99,,,,,,,,
1766286180000000,88017.99,88060.03,88017.98,88049.73,,,,,,,,
1766286240000000,88049.72,88054.65,88022.39,88054.64,,,,,,,,
1766286300000000,88054.64,88097.15,88054.64,88063.75,,,,,,,,
1766286360000000,88063.75,88063.75,88039.83,88039.84,,,,,,,,
1766286420000000,88039.84,88062.14,88039.83,88062.13,,,,,,,,
1766286480000000,88062.13,88063.48,88062.13,88063.47,,,,,,,,
1766286540000000,88063.47,88084.83,88053.13,88053.13,,,,,,,,
1766286600000000,88053.13,88053.14,88016.12,88042.88,,,,,,,,
1766286660000000,88042.88,88042.88,88027.16,88027.16,,,,,,,,
1766286720000000,88027.17,88027.17,88025.27,88025.27,,,,,,,,
1766286780000000,88025.28,88025.28,88025.27,88025.28,,,,,,,,
1766286840000000,88025.27,88025.28,88025.27,88025.27,,,,,,,,
1766286900000000,88025.28,88025.28,88025.27,88025.28,,,,,,,,
1766286960000000,88025.27,88025.28,88021.93,88021.94,,,,,,,,
1766287020000000,88021.93,88021.94,88021.93,88021.94,,,,,,,,
1766287080000000,88021.94,88137.58,88021.94,88135.07,,,,,,,,
1766287140000000,88135.06,88137.5,88117.42,88137.5,,,,,,,,
1766287200000000,88137.49,88150,88124.75,88124.75,,,,,,,,
1766287260000000,88124.75,88124.75,88106.39,88116.96,,,,,,,,
1766287320000000,88116.96,88116.97,88099.94,88116.36,,,,,,,,
1766287380000000,88116.37,88116.37,88092.62,88092.63,,,,,,,,
1766287440000000,88092.63,88092.63,88092.62,88092.62,,,,,,,,
1766287500000000,88092.63,88092.63,88092.62,88092.62,,,,,,,,
1766287560000000,88092.62,88092.64,88092.62,88092.64,,,,,,,,
1766287620000000,88092.64,88092.64,88092.63,88092.64,,,,,,,,
1766287680000000,88092.63,88092.64,88092.63,88092.64,,,,,,,,
1766287740000000,88092.63,88092.64,88062.86,88062.87,,,,,,,,
1766287800000000,88062.86,88085.3,88062.86,88085.29,,,,,,,,
1766287860000000,88085.3,88085.3,88085.29,88085.3,,,,,,,,
1766287920000000,88085.29,88085.3,88085.29,88085.3,,,,,,,,
1766287980000000,88085.3,88128.12,88085.29,88120.45,,,,,,,,
1766288040000000,88120.46,88120.46,88120.45,88120.46,,,,,,,,
1766288100000000,88120.46,88120.46,88089.36,88089.36,,,,,,,,
1766288160000000,88089.36,88089.36,88053.93,88053.94,,,,,,,,
1766288220000000,88053.94,88063.43,88053.93,88063.43,,,,,,,,
1766288280000000,88063.43,88072.24,88050.7,88050.7,,,,,,,,
1766288340000000,88050.7,88057.57,88050.69,88057.57,,,,,,,,
1766288400000000,88057.57,88057.57,88040.43,88040.43,,,,,,,,
1766288460000000,88040.44,88040.44,88040.43,88040.43,,,,,,,,
1766288520000000,88040.43,88040.44,88040.43,88040.43,,,,,,,,
1766288580000000,88040.43,88049.24,88040.43,88040.43,,,,,,,,
1766288640000000,88040.43,88049.25,88040.43,88049.24,,,,,,,,
1766288700000000,88049.25,88057.57,88049.24,88057.56,,,,,,,,
1766288760000000,88057.57,88057.57,88057.56,88057.57,,,,,,,,
1766288820000000,88057.56,88057.57,88057.56,88057.57,,,,,,,,
1766288880000000,88057.56,88060.48,88057.56,88060.48,,,,,,,,
1766288940000000,88060.48,88070.64,88060.47,88070.64,,,,,,,,
1766289000000000,88070.63,88070.64,88066.48,88066.48,,,,,,,,
1766289060000000,88066.49,88066.49,88060.47,88060.48,,,,,,,,
1766289120000000,88060.48,88060.48,88060.47,88060.47,,,,,,,,
1766289180000000,88060.48,88060.48,88051.66,88051.66,,,,,,,,
1766289240000000,88051.66,88051.67,88051.66,88051.67,,,,,,,,
1766289300000000,88051.67,88051.67,88051.66,88051.66,,,,,,,,
1766289360000000,88051.67,88054.88,88051.66,88054.87,,,,,,,,
1766289420000000,88054.88,88072.24,88054.87,88070.65,,,,,,,,
1766289480000000,88070.64,88070.65,88070.64,88070.65,,,,,,,,
1766289540000000,88070.65,88070.65,88070.64,88070.64,,,,,,,,
1766289600000000,88070.64,88079.57,88070.64,88079.57,,,,,,,,
1766289660000000,88079.56,88079.57,88079.56,88079.57,,,,,,,,
1766289720000000,88079.56,88079.57,88076.2,88076.2,,,,,,,,
1766289780000000,88076.2,88076.21,88050,88050.01,,,,,,,,
1766289840000000,88050.01,88076.95,88050,88076.95,,,,,,,,
1766289900000000,88076.95,88098.87,88076.95,88097.84,,,,,,,,
1766289960000000,88097.84,88128,88083.11,88128,,,,,,,,
1766290020000000,88127.99,88149.13,88112.76,88115.6,,,,,,,,
1766290080000000,88115.59,88115.6,88114.28,88114.29,,,,,,,,
1766290140000000,88114.29,88114.29,88109.88,88109.89,,,,,,,,
1766290200000000,88109.88,88109.89,88054.83,88072.22,,,,,,,,
1766290260000000,88072.23,88086.19,88057.07,88058.97,,,,,,,,
1766290320000000,88058.98,88072.23,88058.97,88072.23,,,,,,,,
1766290380000000,88072.22,88072.23,88072.22,88072.23,,,,,,,,
1766290440000000,88072.22,88072.23,88072.22,88072.23,,,,,,,,
1766290500000000,88072.23,88089.84,88072.22,88089.84,,,,,,,,
1766290560000000,88089.84,88105.42,88089.83,88105.42,,,,,,,,
1766290620000000,88105.42,88105.42,88105.41,88105.41,,,,,,,,
1766290680000000,88105.42,88105.42,88105.41,88105.42,,,,,,,,
1766290740000000,88105.41,88105.42,88096.6,88105.41,,,,,,,,
1766290800000000,88105.42,88124.43,88105.41,88124.43,,,,,,,,
1766290860000000,88124.43,88124.43,88115.6,88124.13,,,,,,,,
1766290920000000,88124.14,88124.14,88109.68,88109.68,,,,,,,,
1766290980000000,88109.69,88109.69,88098.9,88098.9,,,,,,,,
1766291040000000,88098.91,88110.65,88098.9,88110.65,,,,,,,,
1766291100000000,88110.64,88112.55,88110.64,88112.55,,,,,,,,
1766291160000000,88112.55,88119.46,88112.54,88119.46,,,,,,,,
1766291220000000,88119.46,88119.46,88119.45,88119.45,,,,,,,,
1766291280000000,88119.45,88119.46,88119.45,88119.45,,,,,,,,
1766291340000000,88119.45,88119.46,88119.45,88119.46,,,,,,,,
1766291400000000,88119.45,88132,88119.45,88132,,,,,,,,
1766291460000000,88132,88132,88116.76,88116.76,,,,,,,,
1766291520000000,88116.76,88121.18,88116.76,88121.17,,,,,,,,
1766291580000000,88121.18,88121.18,88103.86,88103.86,,,,,,,,
1766291640000000,88103.86,88111.24,88103.86,88111.23,,,,,,,,
1766291700000000,88111.23,88111.25,88111.23,88111.24,,,,,,,,
1766291760000000,88111.24,88120.74,88100,88100.01,,,,,,,,
1766291820000000,88100.01,88104.78,88100,88104.78,,,,,,,,
1766291880000000,88104.77,88104.78,88104.77,88104.77,,,,,,,,
1766291940000000,88104.78,88104.78,88104.77,88104.78,,,,,,,,
1766292000000000,88104.78,88104.78,88104.77,88104.77,,,,,,,,
1766292060000000,88104.77,88104.78,88079.78,88079.78,,,,,,,,
1766292120000000,88079.78,88079.79,88079.78,88079.79,,,,,,,,
1766292180000000,88079.78,88079.79,88079.78,88079.79,,,,,,,,
1766292240000000,88079.79,88079.79,88079.78,88079.79,,,,,,,,
1766292300000000,88079.79,88079.79,88069.59,88069.59,,,,,,,,
1766292360000000,88069.59,88069.6,88069.59,88069.59,,,,,,,,
1766292420000000,88069.59,88069.6,88069.59,88069.6,,,,,,,,
1766292480000000,88069.59,88069.6,88069.59,88069.59,,,,,,,,
1766292540000000,88069.59,88069.59,88051,88051,,,,,,,,
1766292600000000,88051.01,88054.51,88051,88054.51,,,,,,,,
1766292660000000,88054.51,88054.51,88054.5,88054.51,,,,,,,,
1766292720000000,88054.51,88054.51,88054.5,88054.5,,,,,,,,
1766292780000000,88054.51,88054.51,88054.5,88054.51,,,,,,,,
1766292840000000,88054.51,88073.89,88054.5,88073.88,,,,,,,,
1766292900000000,88073.89,88073.89,88073.88,88073.88,,,,,,,,
1766292960000000,88073.89,88073.89,88065.82,88065.82,,,,,,,,
1766293020000000,88065.83,88065.83,88065.82,88065.82,,,,,,,,
1766293080000000,88065.83,88065.83,88065.82,88065.83,,,,,,,,
1766293140000000,88065.82,88065.83,88065.82,88065.83,,,,,,,,
1766293200000000,88065.83,88065.83,88055.91,88055.92,,,,,,,,
1766293260000000,88055.92,88055.92,88055.91,88055.92,,,,,,,,
1766293320000000,88055.92,88063.43,88055.91,88063.43,,,,,,,,
1766293380000000,88063.43,88064.8,88063.42,88064.8,,,,,,,,
1766293440000000,88064.8,88064.8,88054.05,88054.06,,,,,,,,
1766293500000000,88054.06,88063.43,88054.05,88063.42,,,,,,,,
1766293560000000,88063.43,88063.43,88063.42,88063.42,,,,,,,,
1766293620000000,88063.42,88072.87,88063.42,88072.86,,,,,,,,
1766293680000000,88072.87,88100,88072.86,88099.99,,,,,,,,
1766293740000000,88100,88100,88073.82,88073.82,,,,,,,,
1766293800000000,88073.83,88073.83,88073.82,88073.82,,,,,,,,
1766293860000000,88073.82,88079.99,88073.82,88079.98,,,,,,,,
1766293920000000,88079.99,88086.17,88079.98,88086.17,,,,,,,,
1766293980000000,88086.16,88086.17,88086.16,88086.16,,,,,,,,
1766294040000000,88086.17,88117.39,88086.16,88109.63,,,,,,,,
1766294100000000,88109.62,88150.01,88109.62,88119.08,,,,,,,,
1766294160000000,88119.08,88125.25,88119.07,88125.25,,,,,,,,
1766294220000000,88125.24,88125.25,88098.71,88098.71,,,,,,,,
1766294280000000,88098.72,88098.72,88087.91,88087.91,,,,,,,,
1766294340000000,88087.92,88087.92,88056.43,88061.74,,,,,,,,
1766294400000000,88061.74,88111.23,88061.74,88111.23,,,,,,,,
1766294460000000,88111.24,88111.24,88111.23,88111.23,,,,,,,,
1766294520000000,88111.23,88130.98,88103.55,88130.98,,,,,,,,
1766294580000000,88130.97,88130.98,88113.65,88113.65,,,,,,,,
1766294640000000,88113.66,88130.43,88113.65,88130.42,,,,,,,,
1766294700000000,88130.43,88133.2,88130.42,88133.2,,,,,,,,
1766294760000000,88133.2,88133.29,88133.2,88133.28,,,,,,,,
1766294820000000,88133.29,88133.29,88133.28,88133.29,,,,,,,,
1766294880000000,88133.28,88133.29,88133.28,88133.29,,,,,,,,
1766294940000000,88133.28,88133.29,88133.28,88133.28,,,,,,,,
1766295000000000,88133.28,88142.1,88133.28,88142.1,,,,,,,,
1766295060000000,88142.1,88142.1,88142.09,88142.09,,,,,,,,
1766295120000000,88142.09,88142.1,88131.77,88131.78,,,,,,,,
1766295180000000,88131.78,88131.78,88131.77,88131.77,,,,,,,,
1766295240000000,88131.77,88131.78,88131.77,88131.77,,,,,,,,
1766295300000000,88131.78,88135.28,88113.85,88113.86,,,,,,,,
1766295360000000,88113.85,88131.78,88110.48,88110.49,,,,,,,,
1766295420000000,88110.49,88110.49,88110.48,88110.48,,,,,,,,
1766295480000000,88110.48,88110.49,88110.48,88110.48,,,,,,,,
1766295540000000,88110.49,88113.99,88110.48,88113.99,,,,,,,,
1766295600000000,88113.99,88126.34,88113.98,88126.33,,,,,,,,
1766295660000000,88126.34,88144.84,88126.33,88144.84,,,,,,,,
1766295720000000,88144.84,88144.84,88132.58,88132.58,,,,,,,,
1766295780000000,88132.58,88132.59,88118.9,88118.9,,,,,,,,
1766295840000000,88118.9,88118.91,88109.36,88109.37,,,,,,,,
1766295900000000,88109.37,88109.37,88100.67,88107.19,,,,,,,,
1766295960000000,88107.18,88118.91,88107.18,88118.9,,,,,,,,
1766296020000000,88118.91,88118.91,88101.03,88101.03,,,,,,,,
1766296080000000,88101.04,88101.04,88101.03,88101.04,,,,,,,,
1766296140000000,88101.04,88101.04,88101.03,88101.03,,,,,,,,
1766296200000000,88101.04,88111.36,88101.04,88111.35,,,,,,,,
1766296260000000,88111.36,88111.36,88111.35,88111.35,,,,,,,,
1766296320000000,88111.35,88139.81,88111.35,88139.8,,,,,,,,
1766296380000000,88139.8,88139.81,88132.77,88134.55,,,,,,,,
1766296440000000,88134.56,88138.95,88134.55,88138.94,,,,,,,,
1766296500000000,88138.95,88138.95,88138.94,88138.94,,,,,,,,
1766296560000000,88138.95,88138.95,88138.94,88138.94,,,,,,,,
1766296620000000,88138.94,88138.95,88138.94,88138.94,,,,,,,,
1766296680000000,88138.94,88138.95,88138.94,88138.94,,,,,,,,
1766296740000000,88138.95,88138.95,88138.94,88138.95,,,,,,,,
1766296800000000,88138.95,88138.95,88114.55,88114.55,,,,,,,,
1766296860000000,88114.56,88126.3,88114.55,88126.3,,,,,,,,
1766296920000000,88126.29,88126.3,88126.29,88126.3,,,,,,,,
1766296980000000,88126.29,88136.55,88126.29,88136.55,,,,,,,,
1766297040000000,88136.55,88136.55,88123.59,88135.06,,,,,,,,
1766297100000000,88135.05,88145,88135.05,88145,,,,,,,,
1766297160000000,88145,88145,88140.4,88140.41,,,,,,,,
1766297220000000,88140.41,88140.41,88140.4,88140.41,,,,,,,,
1766297280000000,88140.4,88140.41,88140.4,88140.4,,,,,,,,
1766297340000000,88140.4,88140.41,88140.4,88140.4,,,,,,,,
1766297400000000,88140.41,88140.41,88140.4,88140.4,,,,,,,,
1766297460000000,88140.41,88193.04,88140.4,88193.03,,,,,,,,
1766297520000000,88193.03,88193.04,88193.03,88193.04,,,,,,,,
1766297580000000,88193.03,88193.04,88178.75,88178.75,,,,,,,,
1766297640000000,88178.75,88178.76,88178.75,88178.76,,,,,,,,
1766297700000000,88178.76,88178.85,88178.75,88178.84,,,,,,,,
1766297760000000,88178.85,88201.59,88178.84,88201.59,,,,,,,,
1766297820000000,88201.58,88201.59,88201.58,88201.59,,,,,,,,
1766297880000000,88201.58,88201.59,88201.58,88201.58,,,,,,,,
1766297940000000,88201.58,88201.59,88192.76,88192.76,,,,,,,,
1766298000000000,88192.77,88200.1,88192.76,88198.27,,,,,,,,
1766298060000000,88198.27,88198.27,88185.48,88185.48,,,,,,,,
1766298120000000,88185.49,88185.49,88147.21,88147.21,,,,,,,,
1766298180000000,88147.22,88147.22,88147.21,88147.21,,,,,,,,
1766298240000000,88147.22,88162.59,88147.21,88162.58,,,,,,,,
1766298300000000,88162.59,88171.91,88162.58,88171.9,,,,,,,,
1766298360000000,88171.9,88171.91,88149.35,88158.17,,,,,,,,
1766298420000000,88158.17,88165.27,88158.16,88165.26,,,,,,,,
1766298480000000,88165.26,88169.81,88165.26,88169.81,,,,,,,,
1766298540000000,88169.8,88169.81,88161.36,88161.37,,,,,,,,
1766298600000000,88161.37,88172.6,88161.36,88172.59,,,,,,,,
1766298660000000,88172.6,88180,88141.15,88141.16,,,,,,,,
1766298720000000,88141.16,88144.67,88141.15,88144.67,,,,,,,,
1766298780000000,88144.66,88144.67,88144.66,88144.67,,,,,,,,
1766298840000000,88144.67,88157.02,88144.66,88157.02,,,,,,,,
1766298900000000,88157.01,88157.02,88150.83,88150.84,,,,,,,,
1766298960000000,88150.83,88150.84,88150.83,88150.84,,,,,,,,
1766299020000000,88150.83,88150.84,88150.83,88150.84,,,,,,,,
1766299080000000,88150.83,88150.84,88150.83,88150.84,,,,,,,,
1766299140000000,88150.83,88150.84,88115.57,88115.57,,,,,,,,
1766299200000000,88115.58,88120.13,88115.57,88120.13,,,,,,,,
1766299260000000,88120.12,88120.13,88116.71,88116.71,,,,,,,,
1766299320000000,88116.71,88116.72,88112.14,88112.15,,,,,,,,
1766299380000000,88112.15,88112.15,88112.14,88112.14,,,,,,,,
1766299440000000,88112.15,88112.15,88112.14,88112.15,,,,,,,,
1766299500000000,88112.15,88121.14,88112.14,88121.14,,,,,,,,
1766299560000000,88121.14,88128.94,88121.14,88128.94,,,,,,,,
1766299620000000,88128.94,88128.94,88128.93,88128.94,,,,,,,,
1766299680000000,88128.94,88128.94,88128.93,88128.93,,,,,,,,
1766299740000000,88128.94,88128.94,88076.06,88076.06,,,,,,,,
1766299800000000,88076.07,88076.07,88068.36,88068.37,,,,,,,,
1766299860000000,88068.37,88079.41,88068.36,88079.4,,,,,,,,
1766299920000000,88079.41,88093.03,88079.4,88093.03,,,,,,,,
1766299980000000,88093.03,88098.09,88093.03,88098.09,,,,,,,,
1766300040000000,88098.09,88098.09,88098.08,88098.08,,,,,,,,
1766300100000000,88098.08,88098.09,88098.08,88098.09,,,,,,,,
1766300160000000,88098.08,88098.09,88081.92,88081.92,,,,,,,,
1766300220000000,88081.93,88081.93,88081.92,88081.93,,,,,,,,
1766300280000000,88081.93,88090.73,88081.92,88090.72,,,,,,,,
1766300340000000,88090.73,88090.73,88090.72,88090.72,,,,,,,,
1766300400000000,88090.73,88100.83,88090.72,88100.83,,,,,,,,
1766300460000000,88100.83,88100.83,88100.82,88100.82,,,,,,,,
1766300520000000,88100.82,88148.75,88100.82,88148.39,,,,,,,,
1766300580000000,88148.4,88148.4,88148.39,88148.39,,,,,,,,
1766300640000000,88148.39,88148.4,88112.81,88112.82,,,,,,,,
1766300700000000,88112.81,88112.82,88112.81,88112.82,,,,,,,,
1766300760000000,88112.82,88112.82,88112.81,88112.82,,,,,,,,
1766300820000000,88112.81,88126.75,88112.71,88112.71,,,,,,,,
1766300880000000,88112.71,88112.72,88112.71,88112.71,,,,,,,,
1766300940000000,88112.72,88118.5,88112.71,88118.49,,,,,,,,
1766301000000000,88118.5,88118.5,88116.15,88116.16,,,,,,,,
1766301060000000,88116.16,88116.16,88116.15,88116.15,,,,,,,,
1766301120000000,88116.16,88116.16,88116.15,88116.16,,,,,,,,
1766301180000000,88116.15,88116.16,88116.15,88116.16,,,,,,,,
1766301240000000,88116.15,88116.16,88116.15,88116.15,,,,,,,,
1766301300000000,88116.16,88116.16,88103.65,88103.66,,,,,,,,
1766301360000000,88103.66,88112,88103.65,88112,,,,,,,,
1766301420000000,88112,88123.74,88111.99,88123.74,,,,,,,,
1766301480000000,88123.74,88123.74,88123.73,88123.74,,,,,,,,
1766301540000000,88123.74,88129.92,88123.74,88125.15,,,,,,,,
1766301600000000,88125.15,88125.16,88115.49,88115.49,,,,,,,,
1766301660000000,88115.49,88121.88,88115.49,88121.87,,,,,,,,
1766301720000000,88121.88,88142.16,88121.87,88142.16,,,,,,,,
1766301780000000,88142.15,88142.16,88115.5,88115.5,,,,,,,,
1766301840000000,88115.51,88115.51,88115.5,88115.51,,,,,,,,
1766301900000000,88115.51,88115.51,88115.5,88115.51,,,,,,,,
1766301960000000,88115.51,88115.51,88115.5,88115.5,,,,,,,,
1766302020000000,88115.5,88124.3,88115.5,88124.29,,,,,,,,
1766302080000000,88124.3,88124.3,88118.73,88118.73,,,,,,,,
1766302140000000,88118.74,88118.74,88108.81,88109.12,,,,,,,,
1766302200000000,88109.13,88109.13,88109.12,88109.12,,,,,,,,
1766302260000000,88109.12,88109.13,88096.23,88096.24,,,,,,,,
1766302320000000,88096.24,88096.24,88096.23,88096.23,,,,,,,,
1766302380000000,88096.24,88096.24,88096.23,88096.23,,,,,,,,
1766302440000000,88096.24,88096.24,88096.23,88096.24,,,,,,,,
1766302500000000,88096.24,88096.24,88096.23,88096.24,,,,,,,,
1766302560000000,88096.23,88096.24,88096.23,88096.24,,,,,,,,
1766302620000000,88096.24,88096.24,88096.23,88096.24,,,,,,,,
1766302680000000,88096.24,88114.98,88096.23,88114.98,,,,,,,,
1766302740000000,88114.98,88114.98,88114.97,88114.97,,,,,,,,
1766302800000000,88114.98,88114.98,88114.97,88114.98,,,,,,,,
1766302860000000,88114.97,88115.59,88114.97,88115.59,,,,,,,,
1766302920000000,88115.59,88130.54,88115.58,88130.53,,,,,,,,
1766302980000000,88130.53,88130.54,88054.61,88057.02,,,,,,,,
1766303040000000,88057.03,88063.43,88057.02,88063.42,,,,,,,,
1766303100000000,88063.43,88063.43,88063.42,88063.43,,,,,,,,
1766303160000000,88063.43,88063.43,88063.42,88063.42,,,,,,,,
1766303220000000,88063.42,88091.18,88063.42,88087.25,,,,,,,,
1766303280000000,88087.26,88093.05,88087.25,88093.04,,,,,,,,
1766303340000000,88093.05,88118.98,88089.48,88118.98,,,,,,,,
1766303400000000,88118.98,88127.41,88118.98,88127.41,,,,,,,,
1766303460000000,88127.41,88127.41,88127.4,88127.4,,,,,,,,
1766303520000000,88127.41,88127.41,88127.4,88127.41,,,,,,,,
1766303580000000,88127.41,88127.41,88127.4,88127.4,,,,,,,,
1766303640000000,88127.4,88127.41,88127.4,88127.4,,,,,,,,
1766303700000000,88127.41,88127.41,88121.23,88121.23,,,,,,,,
1766303760000000,88121.24,88121.24,88121.23,88121.23,,,,,,,,
1766303820000000,88121.24,88150,88121.23,88149.99,,,,,,,,
1766303880000000,88149.99,88150,88141.18,88141.19,,,,,,,,
1766303940000000,88141.19,88174.79,88141.18,88174.79,,,,,,,,
1766304000000000,88174.79,88174.79,88174.78,88174.78,,,,,,,,
1766304060000000,88174.78,88190,88167.58,88167.59,,,,,,,,
1766304120000000,88167.58,88178.38,88167.58,88178.37,,,,,,,,
1766304180000000,88178.38,88178.38,88165,88165.26,,,,,,,,
1766304240000000,88165.27,88182.9,88165.26,88182.9,,,,,,,,
1766304300000000,88182.89,88182.9,88182.89,88182.9,,,,,,,,
1766304360000000,88182.9,88182.9,88182.86,88182.86,,,,,,,,
1766304420000000,88182.87,88182.87,88167.27,88167.27,,,,,,,,
1766304480000000,88167.28,88167.28,88141.87,88141.88,,,,,,,,
1766304540000000,88141.88,88148.69,88141.87,88148.68,,,,,,,,
1766304600000000,88148.68,88157.5,88148.68,88157.49,,,,,,,,
1766304660000000,88157.5,88157.5,88157.49,88157.49,,,,,,,,
1766304720000000,88157.49,88157.5,88157.49,88157.49,,,,,,,,
1766304780000000,88157.49,88157.5,88157.49,88157.5,,,,,,,,
1766304840000000,88157.49,88157.5,88157.49,88157.5,,,,,,,,
1766304900000000,88157.5,88160.32,88144.49,88157.88,,,,,,,,
1766304960000000,88157.88,88171.15,88157.88,88171.15,,,,,,,,
1766305020000000,88171.14,88171.15,88171.14,88171.15,,,,,,,,
1766305080000000,88171.15,88171.15,88171.14,88171.15,,,,,,,,
1766305140000000,88171.14,88171.15,88171.14,88171.15,,,,,,,,
1766305200000000,88171.14,88171.15,88152,88152.02,,,,,,,,
1766305260000000,88152.02,88152.02,88152.01,88152.01,,,,,,,,
1766305320000000,88152.02,88152.02,88152.01,88152.01,,,,,,,,
1766305380000000,88152.01,88165.2,88152.01,88165.2,,,,,,,,
1766305440000000,88165.2,88229.96,88165.19,88229.95,,,,,,,,
1766305500000000,88229.95,88229.96,88213.29,88217.62,,,,,,,,
1766305560000000,88217.62,88242.78,88217.61,88242.77,,,,,,,,
1766305620000000,88242.77,88244.35,88228.46,88244.35,,,,,,,,
1766305680000000,88244.34,88253.93,88244.34,88253.93,,,,,,,,
1766305740000000,88253.93,88259.54,88253.92,88259,,,,,,,,
1766305800000000,88259,88259.93,88239.99,88259.93,,,,,,,,
1766305860000000,88259.93,88288,88259.92,88265.86,,,,,,,,
1766305920000000,88265.86,88388,88265.86,88387.99,,,,,,,,
1766305980000000,88387.99,88416.56,88376.02,88386.69,,,,,,,,
1766306040000000,88386.69,88396.7,88309.25,88344.7,,,,,,,,
1766306100000000,88344.69,88351.42,88339.24,88339.25,,,,,,,,
1766306160000000,88339.25,88339.25,88309.19,88309.2,,,,,,,,
1766306220000000,88309.2,88345.7,88309.19,88329.53,,,,,,,,
1766306280000000,88329.53,88332.17,88329.53,88332.17,,,,,,,,
1766306340000000,88332.17,88393.38,88332.17,88390.69,,,,,,,,
1766306400000000,88390.69,88470.77,88381.15,88381.15,,,,,,,,
1766306460000000,88381.15,88524,88368.93,88524,,,,,,,,
1766306520000000,88524,88560.4,88500,88560.39,,,,,,,,
1766306580000000,88560.4,88684.56,88524,88670.76,,,,,,,,
1766306640000000,88670.76,88767.2,88595.92,88605.96,,,,,,,,
1766306700000000,88605.97,88652.72,88539.88,88597.64,,,,,,,,
1766306760000000,88597.65,88612.01,88549.17,88555.04,,,,,,,,
1766306820000000,88555.05,88626.74,88543.18,88626.67,,,,,,,,
1766306880000000,88626.68,88626.68,88470.77,88470.77,,,,,,,,
1766306940000000,88470.77,88528.86,88461.91,88528.86,,,,,,,,
1766307000000000,88528.86,88531.32,88516.47,88516.48,,,,,,,,
1766307060000000,88516.47,88571.26,88516.47,88519.13,,,,,,,,
1766307120000000,88519.14,88519.14,88483.06,88483.06,,,,,,,,
1766307180000000,88483.06,88488.78,88483.06,88484.81,,,,,,,,
1766307240000000,88484.8,88506.06,88484.8,88495.8,,,,,,,,
1766307300000000,88495.8,88537.98,88495.8,88533.85,,,,,,,,
1766307360000000,88533.84,88542.71,88533.84,88536.5,,,,,,,,
1766307420000000,88536.51,88555.41,88536.5,88555.41,,,,,,,,
1766307480000000,88555.41,88583.49,88537.87,88537.87,,,,,,,,
1766307540000000,88537.87,88537.88,88537.87,88537.87,,,,,,,,
1766307600000000,88537.88,88676.71,88537.88,88676.71,,,,,,,,
1766307660000000,88676.71,88706.99,88663.01,88706.99,,,,,,,,
1766307720000000,88706.99,88788.38,88680,88683.12,,,,,,,,
1766307780000000,88683.13,88686.78,88665.82,88665.82,,,,,,,,
1766307840000000,88665.81,88732.84,88665.81,88719.55,,,,,,,,
1766307900000000,88719.56,88719.56,88541.04,88554.52,,,,,,,,
1766307960000000,88554.51,88598.55,88526.11,88530.87,,,,,,,,
1766308020000000,88530.87,88559.82,88530.87,88531,,,,,,,,
1766308080000000,88531,88545.25,88500.3,88540.66,,,,,,,,
1766308140000000,88540.67,88597.51,88540.67,88585.37,,,,,,,,
1766308200000000,88585.36,88656.63,88585.36,88649.62,,,,,,,,
1766308260000000,88649.62,88649.62,88608.5,88608.5,,,,,,,,
1766308320000000,88608.5,88635.71,88608.5,88635.7,,,,,,,,
1766308380000000,88635.7,88689.76,88635.7,88661.51,,,,,,,,
1766308440000000,88661.5,88694.03,88661.5,88694.02,,,,,,,,
1766308500000000,88694.03,88694.03,88643.01,88643.01,,,,,,,,
1766308560000000,88643.02,88737.75,88643.01,88733.08,,,,,,,,
1766308620000000,88733.08,88778.36,88733.08,88769.8,,,,,,,,
1766308680000000,88769.8,88796.19,88728.97,88728.98,,,,,,,,
1766308740000000,88728.97,88728.98,88681.89,88682.42,,,,,,,,
1766308800000000,88682.43,88737.75,88682.43,88722.18,,,,,,,,
1766308860000000,88722.19,88722.19,88705.94,88708.48,,,,,,,,
1766308920000000,88708.48,88714.09,88694.48,88713.18,,,,,,,,
1766308980000000,88713.19,88714.18,88689.23,88708.25,,,,,,,,
1766309040000000,88708.26,88708.26,88690.19,88696.38,,,,,,,,
1766309100000000,88696.38,88696.39,88689.69,88694.41,,,,,,,,
1766309160000000,88694.41,88702.31,88694.4,88702.31,,,,,,,,
1766309220000000,88702.3,88702.3,88690.4,88694.57,,,,,,,,
1766309280000000,88694.57,88694.58,88694.06,88694.07,,,,,,,,
1766309340000000,88694.06,88694.07,88643.84,88643.85,,,,,,,,
1766309400000000,88643.84,88656.72,88639.62,88656.72,,,,,,,,
1766309460000000,88656.72,88670,88656.71,88669.99,,,,,,,,
1766309520000000,88670,88707.39,88670,88707.38,,,,,,,,
1766309580000000,88707.39,88776.27,88707.38,88763.55,,,,,,,,
1766309640000000,88763.56,88855,88763.55,88854.99,,,,,,,,
1766309700000000,88854.99,88863.04,88723.34,88822.4,,,,,,,,
1766309760000000,88822.4,88940,88822.4,88847.01,,,,,,,,
1766309820000000,88847.01,88872.01,88826.14,88848.08,,,,,,,,
1766309880000000,88848.09,88855.22,88820.8,88820.8,,,,,,,,
1766309940000000,88820.81,88849.83,88815.26,88819.65,,,,,,,,
1766310000000000,88819.66,88836.99,88819.65,88836.89,,,,,,,,
1766310060000000,88836.89,88836.89,88800.01,88812.02,,,,,,,,
1766310120000000,88812.02,88837.5,88809.67,88836.89,,,,,,,,
1766310180000000,88836.88,88836.89,88815.88,88828.75,,,,,,,,
1766310240000000,88828.74,88834.1,88828.74,88834.1,,,,,,,,
1766310300000000,88834.1,88888.88,88834.1,88888.87,,,,,,,,
1766310360000000,88888.88,88916,88888.88,88907.32,,,,,,,,
1766310420000000,88907.32,88907.33,88846,88846.01,,,,,,,,
1766310480000000,88846.01,88961.43,88846.01,88955.63,,,,,,,,
1766310540000000,88955.63,88955.64,88850.44,88900,,,,,,,,
1766310600000000,88900,88933.23,88886.66,88931.18,,,,,,,,
1766310660000000,88931.19,88955.64,88931.19,88945.18,,,,,,,,
1766310720000000,88945.19,88959.6,88939.39,88959,,,,,,,,
1766310780000000,88959,89000,88940.83,88997.57,,,,,,,,
1766310840000000,88997.56,89081.77,88997.56,89040.01,,,,,,,,
1766310900000000,89040.01,89048.13,88950,89042,,,,,,,,
1766310960000000,89042,89042,88988,89025.1,,,,,,,,
1766311020000000,89025.09,89034.55,88948.35,88948.36,,,,,,,,
1766311080000000,88948.35,88948.36,88857.31,88878.52,,,,,,,,
1766311140000000,88878.51,88892.83,88862,88892.82,,,,,,,,
1766311200000000,88892.82,88970.01,88892.82,88970,,,,,,,,
1766311260000000,88970.01,88970.01,88935.24,88947.25,,,,,,,,
1766311320000000,88947.24,88979.94,88936.9,88971.04,,,,,,,,
1766311380000000,88971.03,88971.04,88900.85,88903.7,,,,,,,,
1766311440000000,88903.71,88926.38,88903.7,88926.37,,,,,,,,
1766311500000000,88926.38,88926.38,88900,88906.45,,,,,,,,
1766311560000000,88906.46,88906.46,88815,88815,,,,,,,,
1766311620000000,88815.01,88840.69,88815,88828.33,,,,,,,,
1766311680000000,88828.32,88854.53,88828.32,88854.53,,,,,,,,
1766311740000000,88854.52,88878.35,88854.52,88876.34,,,,,,,,
1766311800000000,88876.34,88876.34,88791.22,88820.62,,,,,,,,
1766311860000000,88821.21,88830.1,88790,88790.01,,,,,,,,
1766311920000000,88790.01,88803.29,88770,88789.13,,,,,,,,
1766311980000000,88789.12,88794.65,88772.85,88772.86,,,,,,,,
1766312040000000,88772.85,88792,88772.84,88792,,,,,,,,
1766312100000000,88792,88831.52,88791.99,88814.19,,,,,,,,
1766312160000000,88814.12,88829.52,88806.8,88828.83,,,,,,,,
1766312220000000,88828.84,88828.87,88827.6,88827.61,,,,,,,,
1766312280000000,88827.6,88840.01,88797.01,88797.01,,,,,,,,
1766312340000000,88797.01,88797.02,88772.8,88791.45,,,,,,,,
1766312400000000,88791.46,88800.56,88790.03,88800.55,,,,,,,,
1766312460000000,88800.56,88811,88800.55,88811,,,,,,,,
1766312520000000,88810.99,88811,88810.99,88810.99,,,,,,,,
1766312580000000,88810.99,88811,88766.07,88799.75,,,,,,,,
1766312640000000,88799.74,88799.75,88776.15,88776.16,,,,,,,,
1766312700000000,88776.16,88776.16,88773.24,88773.24,,,,,,,,
1766312760000000,88773.24,88785.9,88719.06,88744.92,,,,,,,,
1766312820000000,88744.92,88761.02,88744.92,88761.01,,,,,,,,
1766312880000000,88761.01,88761.02,88758.58,88758.58,,,,,,,,
1766312940000000,88758.59,88758.59,88756.94,88756.94,,,,,,,,
1766313000000000,88756.95,88756.95,88748.48,88748.48,,,,,,,,
1766313060000000,88748.48,88748.49,88725.38,88725.38,,,,,,,,
1766313120000000,88725.38,88725.39,88698.83,88698.83,,,,,,,,
1766313180000000,88698.83,88698.84,88608.5,88645.6,,,,,,,,
1766313240000000,88645.6,88645.61,88589.14,88603.18,,,,,,,,
1766313300000000,88603.17,88630.73,88603.17,88607.13,,,,,,,,
1766313360000000,88607.12,88776.27,88580.52,88771.46,,,,,,,,
1766313420000000,88771.47,88775.99,88684,88705.49,,,,,,,,
1766313480000000,88705.5,88801.11,88705.5,88801.11,,,,,,,,
1766313540000000,88801.11,88808.35,88759.52,88759.53,,,,,,,,
1766313600000000,88759.52,88796.57,88759.52,88763.03,,,,,,,,
1766313660000000,88763.02,88807.23,88751.13,88780,,,,,,,,
1766313720000000,88780,88798.99,88764.46,88789.47,,,,,,,,
1766313780000000,88789.47,88789.47,88724.88,88743.06,,,,,,,,
1766313840000000,88743.06,88743.07,88725.11,88725.11,,,,,,,,
1766313900000000,88725.12,88728.37,88707.36,88707.36,,,,,,,,
1766313960000000,88707.36,88725.2,88657.74,88657.75,,,,,,,,
1766314020000000,88657.75,88657.75,88631.38,88631.38,,,,,,,,
1766314080000000,88631.39,88662.87,88631.39,88653.11,,,,,,,,
1766314140000000,88653.12,88683.14,88653.11,88683.14,,,,,,,,
1766314200000000,88683.14,88691.35,88677.41,88677.42,,,,,,,,
1766314260000000,88677.42,88689.8,88655.81,88689.8,,,,,,,,
1766314320000000,88689.8,88689.8,88661.47,88661.47,,,,,,,,
1766314380000000,88661.47,88668.14,88644.14,88668.14,,,,,,,,
1766314440000000,88668.14,88672.68,88659.26,88661.35,,,,,,,,
1766314500000000,88661.36,88672.37,88650.43,88651.9,,,,,,,,
1766314560000000,88651.89,88651.9,88590.25,88610.04,,,,,,,,
1766314620000000,88610.03,88638.25,88610.03,88633.57,,,,,,,,
1766314680000000,88633.58,88657.89,88633.57,88643.87,,,,,,,,
1766314740000000,88643.87,88669.78,88643.86,88669.78,,,,,,,,
1766314800000000,88669.78,88669.78,88631.13,88631.13,,,,,,,,
1766314860000000,88631.13,88647.4,88622.33,88644.11,,,,,,,,
1766314920000000,88644.11,88644.11,88592.15,88592.15,,,,,,,,
1766314980000000,88592.16,88618.01,88592.15,88618,,,,,,,,
1766315040000000,88618.01,88618.01,88589.38,88589.38,,,,,,,,
1766315100000000,88589.38,88600.28,88588.11,88600.27,,,,,,,,
1766315160000000,88600.28,88610.42,88593.92,88593.93,,,,,,,,
1766315220000000,88593.93,88653.4,88593.92,88653.4,,,,,,,,
1766315280000000,88653.4,88660.2,88643.99,88653.42,,,,,,,,
1766315340000000,88653.41,88661.89,88653.01,88661.88,,,,,,,,
1766315400000000,88661.89,88671.71,88661.89,88671.7,,,,,,,,
1766315460000000,88671.7,88671.7,88642.41,88642.41,,,,,,,,
1766315520000000,88642.41,88662.02,88642.41,88662.02,,,,,,,,
1766315580000000,88662.01,88662.02,88662.01,88662.02,,,,,,,,
1766315640000000,88662.02,88662.02,88642.41,88642.42,,,,,,,,
1766315700000000,88642.42,88655.71,88642.41,88655.7,,,,,,,,
1766315760000000,88655.7,88674.44,88655.7,88657.21,,,,,,,,
1766315820000000,88657.21,88657.21,88604.4,88604.4,,,,,,,,
1766315880000000,88604.4,88612.82,88604.4,88612.82,,,,,,,,
1766315940000000,88612.82,88637.63,88612.8,88637.63,,,,,,,,
1766316000000000,88637.63,88645.16,88637.62,88645.15,,,,,,,,
1766316060000000,88645.15,88645.15,88638.9,88638.91,,,,,,,,
1766316120000000,88638.91,88750,88638.91,88732.84,,,,,,,,
1766316180000000,88732.84,88732.84,88687.96,88698.45,,,,,,,,
1766316240000000,88698.46,88698.46,88645.32,88645.7,,,,,,,,
1766316300000000,88645.69,88649.77,88645.69,88649.76,,,,,,,,
1766316360000000,88649.77,88649.77,88649.07,88649.09,,,,,,,,
1766316420000000,88649.09,88694.01,88649.08,88694,,,,,,,,
1766316480000000,88694.01,88694.01,88679.64,88680.82,,,,,,,,
1766316540000000,88680.82,88681.33,88680.82,88681.33,,,,,,,,
1766316600000000,88681.32,88681.33,88681.32,88681.33,,,,,,,,
1766316660000000,88681.32,88688.98,88681.32,88688.98,,,,,,,,
1766316720000000,88688.98,88703.99,88688.97,88689,,,,,,,,
1766316780000000,88688.99,88689,88643.51,88667.34,,,,,,,,
1766316840000000,88667.34,88667.35,88665,88665,,,,,,,,
1766316900000000,88665.01,88665.01,88665,88665.01,,,,,,,,
1766316960000000,88665.01,88665.01,88643.71,88643.72,,,,,,,,
1766317020000000,88643.72,88656.08,88642,88642.01,,,,,,,,
1766317080000000,88642,88642.01,88590.36,88613.19,,,,,,,,
1766317140000000,88613.2,88644,88613.19,88628.13,,,,,,,,
1766317200000000,88628.14,88628.14,88607.32,88607.32,,,,,,,,
1766317260000000,88607.33,88607.33,88607.32,88607.32,,,,,,,,
1766317320000000,88607.33,88638.18,88607.33,88631.98,,,,,,,,
1766317380000000,88631.99,88631.99,88605.97,88605.98,,,,,,,,
1766317440000000,88605.98,88605.98,88605.97,88605.98,,,,,,,,
1766317500000000,88605.98,88605.98,88605.97,88605.98,,,,,,,,
1766317560000000,88605.97,88614.82,88605.97,88605.97,,,,,,,,
1766317620000000,88605.97,88618.56,88605.97,88618.55,,,,,,,,
1766317680000000,88618.56,88647.5,88618.55,88633.91,,,,,,,,
1766317740000000,88633.91,88633.91,88611.43,88611.43,,,,,,,,
1766317800000000,88611.44,88611.44,88605.97,88605.98,,,,,,,,
1766317860000000,88605.97,88605.98,88605.97,88605.97,,,,,,,,
1766317920000000,88605.98,88605.98,88592.13,88592.13,,,,,,,,
1766317980000000,88592.13,88592.14,88592,88592.01,,,,,,,,
1766318040000000,88592,88592.01,88592,88592.01,,,,,,,,
1766318100000000,88592.01,88592.01,88592,88592.01,,,,,,,,
1766318160000000,88592,88597.65,88592,88597.65,,,,,,,,
1766318220000000,88597.64,88597.65,88597.63,88597.63,,,,,,,,
1766318280000000,88597.64,88597.64,88597.63,88597.64,,,,,,,,
1766318340000000,88597.64,88601.57,88597.63,88601.57,,,,,,,,
1766318400000000,88601.57,88646.02,88599.23,88599.23,,,,,,,,
1766318460000000,88599.24,88599.24,88599.23,88599.24,,,,,,,,
1766318520000000,88599.24,88632.26,88599.23,88632.25,,,,,,,,
1766318580000000,88632.26,88701.44,88632.25,88701.43,,,,,,,,
1766318640000000,88701.44,88701.44,88665.47,88671.24,,,,,,,,
1766318700000000,88671.23,88709.24,88666,88707.6,,,,,,,,
1766318760000000,88707.61,88771.14,88707.6,88771.14,,,,,,,,
1766318820000000,88771.14,88771.14,88711.2,88715.63,,,,,,,,
1766318880000000,88715.64,88750.28,88715.64,88750.27,,,,,,,,
1766318940000000,88750.28,88762,88738.8,88738.81,,,,,,,,
1766319000000000,88738.81,88759.49,88738.8,88759.48,,,,,,,,
1766319060000000,88759.49,88759.49,88744.08,88744.08,,,,,,,,
1766319120000000,88744.08,88778.7,88744.08,88765.21,,,,,,,,
1766319180000000,88765.2,88765.21,88750.54,88750.54,,,,,,,,
1766319240000000,88750.55,88754.05,88750.54,88754.05,,,,,,,,
1766319300000000,88754.05,88757.54,88754.04,88757.54,,,,,,,,
1766319360000000,88757.55,88849.81,88757.54,88848.34,,,,,,,,
1766319420000000,88848.35,88848.35,88802.6,88807.06,,,,,,,,
1766319480000000,88807.05,88818.83,88757.8,88762.3,,,,,,,,
1766319540000000,88762.3,88824,88762.3,88823.99,,,,,,,,
1766319600000000,88824,88900,88823.99,88891.11,,,,,,,,
1766319660000000,88891.11,88920,88891.1,88919.99,,,,,,,,
1766319720000000,88919.99,88920,88912.33,88920,,,,,,,,
1766319780000000,88919.99,88920.01,88919.99,88920.01,,,,,,,,
1766319840000000,88920.01,88920.01,88854.67,88869.01,,,,,,,,
1766319900000000,88869.01,88869.02,88836.51,88836.51,,,,,,,,
1766319960000000,88836.5,88836.5,88813.23,88815.99,,,,,,,,
1766320020000000,88816,88840,88809.78,88816.39,,,,,,,,
1766320080000000,88816.4,88816.4,88816.39,88816.39,,,,,,,,
1766320140000000,88816.4,88830.43,88816.39,88830.42,,,,,,,,
1766320200000000,88830.43,88830.43,88830.42,88830.42,,,,,,,,
1766320260000000,88830.42,88908.18,88830.42,88887.58,,,,,,,,
1766320320000000,88887.58,88887.59,88846,88867.34,,,,,,,,
1766320380000000,88867.35,88867.35,88757.54,88789.66,,,,,,,,
1766320440000000,88789.67,88800.82,88771.11,88800.81,,,,,,,,
1766320500000000,88800.81,88800.82,88800,88800.01,,,,,,,,
1766320560000000,88800.01,88816.08,88771.11,88771.11,,,,,,,,
1766320620000000,88771.11,88788.9,88771.11,88788.89,,,,,,,,
1766320680000000,88788.9,88800,88775.14,88775.15,,,,,,,,
1766320740000000,88775.15,88775.15,88775.14,88775.14,,,,,,,,
1766320800000000,88775.15,88775.15,88742.3,88742.3,,,,,,,,
1766320860000000,88742.31,88742.31,88605.16,88674.4,,,,,,,,
1766320920000000,88674.4,88700,88600,88633.82,,,,,,,,
1766320980000000,88633.81,88650,88600,88649.99,,,,,,,,
1766321040000000,88650,88650,88558.8,88572.6,,,,,,,,
1766321100000000,88572.6,88628.15,88550,88617.23,,,,,,,,
1766321160000000,88617.23,88619.29,88592.4,88604.66,,,,,,,,
1766321220000000,88604.65,88628.14,88596.17,88628.13,,,,,,,,
1766321280000000,88628.13,88628.69,88612.18,88628.68,,,,,,,,
1766321340000000,88628.69,88628.69,88604.04,88604.04,,,,,,,,
1766321400000000,88604.04,88630,88600,88600,,,,,,,,
1766321460000000,88600,88608.87,88588.15,88588.16,,,,,,,,
1766321520000000,88588.16,88609.99,88588.15,88589.27,,,,,,,,
1766321580000000,88589.27,88589.27,88580.01,88580.06,,,,,,,,
1766321640000000,88580.06,88584.84,88580.06,88584.83,,,,,,,,
1766321700000000,88584.83,88584.84,88550,88567.22,,,,,,,,
1766321760000000,88567.22,88567.23,88463.78,88484.37,,,,,,,,
1766321820000000,88484.38,88555.77,88484.38,88555.76,,,,,,,,
1766321880000000,88555.76,88608.96,88555.76,88608.96,,,,,,,,
1766321940000000,88608.96,88648,88607.75,88638.01,,,,,,,,
1766322000000000,88638.01,88694.32,88638,88641.14,,,,,,,,
1766322060000000,88641.14,88674.25,88641.13,88659.49,,,,,,,,
1766322120000000,88659.49,88668,88659.48,88668,,,,,,,,
1766322180000000,88668,88668,88626.89,88636,,,,,,,,
1766322240000000,88636.01,88636.01,88280.62,88346.96,,,,,,,,
1766322300000000,88346.97,88416,88287.46,88399.83,,,,,,,,
1766322360000000,88399.83,88483.89,88350,88355.16,,,,,,,,
1766322420000000,88355.15,88410,88348,88357.67,,,,,,,,
1766322480000000,88357.66,88444.99,88357.66,88441.45,,,,,,,,
1766322540000000,88441.44,88441.45,88394.01,88395.48,,,,,,,,
1766322600000000,88395.49,88450,88395.49,88425.5,,,,,,,,
1766322660000000,88425.5,88474.5,88425.5,88442.07,,,,,,,,
1766322720000000,88442.06,88470.77,88442.06,88470.75,,,,,,,,
1766322780000000,88470.74,88470.77,88460.33,88460.34,,,,,,,,
1766322840000000,88460.33,88460.33,88350,88350,,,,,,,,
1766322900000000,88350,88350.01,88206.18,88280.09,,,,,,,,
1766322960000000,88280.09,88280.09,88200.19,88206.2,,,,,,,,
1766323020000000,88206.2,88240,88200.19,88240,,,,,,,,
1766323080000000,88239.99,88320.44,88239.99,88243.54,,,,,,,,
1766323140000000,88243.54,88272.97,88240.34,88272.96,,,,,,,,
1766323200000000,88272.96,88348.35,88272,88299.98,,,,,,,,
1766323260000000,88299.99,88352,88292.3,88325.84,,,,,,,,
1766323320000000,88325.85,88350.59,88301.1,88301.1,,,,,,,,
1766323380000000,88301.11,88332.02,88268.44,88332.02,,,,,,,,
1766323440000000,88332.01,88332.02,88288.25,88329.29,,,,,,,,
1766323500000000,88329.29,88329.29,88279,88310.12,,,,,,,,
1766323560000000,88310.12,88310.12,88293.02,88300.72,,,,,,,,
1766323620000000,88300.72,88305.13,88220.87,88254.93,,,,,,,,
1766323680000000,88254.94,88259.99,88227.86,88227.87,,,,,,,,
1766323740000000,88227.86,88229.47,88204,88212.34,,,,,,,,
1766323800000000,88212.34,88222.92,87826.92,88207.9,,,,,,,,
1766323860000000,88207.9,88207.9,87947.99,87948,,,,,,,,
1766323920000000,87947.99,87952.7,87731.46,87855.01,,,,,,,,
1766323980000000,87855,87950,87851.01,87938,,,,,,,,
1766324040000000,87938,88014.96,87920.66,88014.96,,,,,,,,
1766324100000000,88014.96,88032.44,87910.34,87933.11,,,,,,,,
1766324160000000,87933.1,87933.55,87830,87841.46,,,,,,,,
1766324220000000,87841.46,87935.64,87841.46,87901.9,,,,,,,,
1766324280000000,87901.91,87996.21,87901.91,87991.99,,,,,,,,
1766324340000000,87991.99,87991.99,87901.91,87931.37,,,,,,,,
1766324400000000,87931.36,87949.4,87900,87904.88,,,,,,,,
1766324460000000,87904.87,87938.91,87900,87938.91,,,,,,,,
1766324520000000,87938.9,87949.35,87910.29,87934.14,,,,,,,,
1766324580000000,87934.15,87936,87882,87906.25,,,,,,,,
1766324640000000,87906.25,87935.98,87895.24,87934.72,,,,,,,,
1766324700000000,87934.72,87935.42,87826.21,87826.21,,,,,,,,
1766324760000000,87826.21,87956.48,87826.21,87901.39,,,,,,,,
1766324820000000,87901.4,87901.4,87730,87779.81,,,,,,,,
1766324880000000,87779.81,87779.82,87614.79,87745.42,,,,,,,,
1766324940000000,87745.41,87783.72,87691.33,87783.72,,,,,,,,
1766325000000000,87783.71,87783.72,87628.25,87665,,,,,,,,
1766325060000000,87665.01,87720.52,87649.46,87649.47,,,,,,,,
1766325120000000,87649.47,87690.67,87600.04,87690.66,,,,,,,,
1766325180000000,87690.67,87735.19,87637.18,87651.17,,,,,,,,
1766325240000000,87651.17,87713.07,87651.17,87703.67,,,,,,,,
1766325300000000,87703.67,87721.25,87644,87705.86,,,,,,,,
1766325360000000,87705.86,87705.86,87652.84,87660.83,,,,,,,,
1766325420000000,87660.83,87737.58,87642.38,87642.39,,,,,,,,
1766325480000000,87642.38,87688.57,87632.55,87688.56,,,,,,,,
1766325540000000,87688.56,87709.01,87670.1,87670.1,,,,,,,,
1766325600000000,87670.1,87700,87615.07,87689.31,,,,,,,,
1766325660000000,87689.31,87838.48,87689.3,87780.99,,,,,,,,
1766325720000000,87780.99,87868.79,87775.68,87801.55,,,,,,,,
1766325780000000,87801.55,87917.14,87801.54,87871.01,,,,,,,,
1766325840000000,87871.01,87885.6,87830.67,87832.91,,,,,,,,
1766325900000000,87832.91,87950.67,87830.67,87925.17,,,,,,,,
1766325960000000,87925.18,87950.67,87885.61,87950.66,,,,,,,,
1766326020000000,87950.67,88020,87933.24,88016.34,,,,,,,,
1766326080000000,88016.34,88148.34,88016.34,88072,,,,,,,,
1766326140000000,88072,88139.11,88049.36,88052.39,,,,,,,,
1766326200000000,88052.39,88052.4,87867.85,87919.9,,,,,,,,
1766326260000000,87919.89,87974.73,87919.89,87935.85,,,,,,,,
1766326320000000,87935.85,87961.95,87806.86,87806.86,,,,,,,,
1766326380000000,87806.87,87919.39,87806.86,87919.38,,,,,,,,
1766326440000000,87919.39,87923.66,87882.6,87887.27,,,,,,,,
1766326500000000,87887.27,87969.33,87882.62,87940.99,,,,,,,,
1766326560000000,87940.98,87954.64,87925.97,87947.2,,,,,,,,
1766326620000000,87947.19,88014.1,87939.25,88014.1,,,,,,,,
1766326680000000,88014.09,88014.09,87962.2,87980.1,,,,,,,,
1766326740000000,87980.71,87997.03,87980.71,87991.39,,,,,,,,
1766326800000000,87991.4,88012.52,87991.39,87994.04,,,,,,,,
1766326860000000,87994.04,88004.97,87994.03,88004.97,,,,,,,,
1766326920000000,88004.96,88023.16,88001.03,88001.04,,,,,,,,
1766326980000000,88001.03,88001.04,87941.42,87941.42,,,,,,,,
1766327040000000,87941.42,87973.82,87941.42,87973.82,,,,,,,,
1766327100000000,87973.81,87973.82,87900.12,87900.12,,,,,,,,
1766327160000000,87900.12,87925.51,87802.92,87812.44,,,,,,,,
1766327220000000,87812.44,87876.99,87800,87876.99,,,,,,,,
1766327280000000,87876.99,87939.87,87876.99,87939.87,,,,,,,,
1766327340000000,87939.86,87939.87,87908.55,87908.55,,,,,,,,
1766327400000000,87908.56,87959.55,87888.49,87959.54,,,,,,,,
1766327460000000,87959.55,88021.75,87959.54,88011.42,,,,,,,,
1766327520000000,88011.42,88049.05,87985.93,88026.14,,,,,,,,
1766327580000000,88026.14,88026.14,87982.43,88004.66,,,,,,,,
1766327640000000,88004.66,88004.67,87981.59,87985.34,,,,,,,,
1766327700000000,87985.34,88010.7,87985.34,88002.49,,,,,,,,
1766327760000000,88002.49,88009.62,87880.79,87880.8,,,,,,,,
1766327820000000,87880.79,87918.92,87836.12,87912.26,,,,,,,,
1766327880000000,87912.25,87950,87901.71,87949.99,,,,,,,,
1766327940000000,87949.99,88000,87949.99,87971.16,,,,,,,,
1766328000000000,87971.15,87995.6,87955.98,87994.49,,,,,,,,
1766328060000000,87994.48,87994.49,87994.48,87994.48,,,,,,,,
1766328120000000,87994.49,88008.62,87994.48,88008.62,,,,,,,,
1766328180000000,88008.61,88053.84,88001.27,88036.97,,,,,,,,
1766328240000000,88036.96,88050.58,88036.96,88050.57,,,,,,,,
1766328300000000,88050.57,88050.58,88005.15,88005.16,,,,,,,,
1766328360000000,88005.15,88005.15,87998,88004.81,,,,,,,,
1766328420000000,88004.82,88038.74,88000,88038.74,,,,,,,,
1766328480000000,88039.1,88052.9,88039.1,88052.89,,,,,,,,
1766328540000000,88052.9,88080,88041.88,88041.88,,,,,,,,
1766328600000000,88041.88,88043,87960.63,87965.44,,,,,,,,
1766328660000000,87965.44,88019.28,87965.44,88006.19,,,,,,,,
1766328720000000,88006.18,88006.19,88005.04,88005.04,,,,,,,,
1766328780000000,88005.05,88017.38,88005.04,88017.38,,,,,,,,
1766328840000000,88017.38,88080,88017.37,88078.61,,,,,,,,
1766328900000000,88078.62,88078.62,88042,88061.4,,,,,,,,
1766328960000000,88061.4,88061.4,88027.2,88035.97,,,,,,,,
1766329020000000,88035.97,88080,88035.97,88080,,,,,,,,
1766329080000000,88080,88081.69,88049.99,88050,,,,,,,,
1766329140000000,88049.99,88079.82,88049.99,88065.18,,,,,,,,
1766329200000000,88065.19,88075.92,88015.61,88031.22,,,,,,,,
1766329260000000,88031.22,88035.88,88014.26,88014.26,,,,,,,,
1766329320000000,88014.27,88029.06,88000,88000,,,,,,,,
1766329380000000,88000,88025.9,87950.04,87950.04,,,,,,,,
1766329440000000,87950.05,87975.66,87946.17,87946.17,,,,,,,,
1766329500000000,87946.17,87946.18,87915.66,87937.97,,,,,,,,
1766329560000000,87937.97,87980,87937.96,87979.99,,,,,,,,
1766329620000000,87979.99,87980,87941.61,87972.84,,,,,,,,
1766329680000000,87972.83,87983.82,87972.83,87983.82,,,,,,,,
1766329740000000,87983.81,87983.82,87965.33,87969.72,,,,,,,,
1766329800000000,87969.72,87995.29,87969.71,87995.28,,,,,,,,
1766329860000000,87995.28,87995.29,87995.28,87995.29,,,,,,,,
1766329920000000,87995.29,88031.72,87977.4,88019.38,,,,,,,,
1766329980000000,88019.38,88019.38,87967.07,87970.58,,,,,,,,
1766330040000000,87970.57,87975.33,87943.53,87943.53,,,,,,,,
1766330100000000,87943.53,87970.53,87935,87950.33,,,,,,,,
1766330160000000,87950.33,87957.91,87902.74,87902.74,,,,,,,,
1766330220000000,87902.74,87902.75,87850,87859.15,,,,,,,,
1766330280000000,87859.14,87859.14,87828.18,87858.78,,,,,,,,
1766330340000000,87858.79,87858.79,87821.57,87849.99,,,,,,,,
1766330400000000,87849.99,87849.99,87813,87832.13,,,,,,,,
1766330460000000,87832.13,87895.36,87832.12,87875.06,,,,,,,,
1766330520000000,87875.05,87910,87865.08,87910,,,,,,,,
1766330580000000,87909.99,87950,87863.08,87897.19,,,,,,,,
1766330640000000,87897.18,87897.19,87888.26,87895.5,,,,,,,,
1766330700000000,87895.49,87895.5,87874.2,87882.78,,,,,,,,
1766330760000000,87882.79,87900,87856.59,87856.59,,,,,,,,
1766330820000000,87856.06,87874.2,87847.83,87860.4,,,,,,,,
1766330880000000,87860.4,87900,87860.4,87900,,,,,,,,
1766330940000000,87900,87900,87899.99,87900,,,,,,,,
1766331000000000,87900,87999.58,87893.83,87994.33,,,,,,,,
1766331060000000,87994.34,88000,87952.3,87998.35,,,,,,,,
1766331120000000,87998.35,88001.79,87986.83,88001.78,,,,,,,,
1766331180000000,88001.78,88001.79,87986.73,87993.99,,,,,,,,
1766331240000000,87993.99,88001.8,87982.16,87982.16,,,,,,,,
1766331300000000,87982.16,87988.87,87975.6,87988.87,,,,,,,,
1766331360000000,87988.86,88000,87988.86,87999.99,,,,,,,,
1766331420000000,87999.99,88100,87991.25,88100,,,,,,,,
1766331480000000,88100,88104.71,88009.51,88022.2,,,,,,,,
1766331540000000,88022.2,88034.23,88007.95,88007.95,,,,,,,,
1766331600000000,88007.95,88007.96,87920.05,87920.05,,,,,,,,
1766331660000000,87920.06,87976.38,87893.54,87968.04,,,,,,,,
1766331720000000,87968.04,88024.68,87968.04,87993,,,,,,,,
1766331780000000,87993,87993,87961.47,87992,,,,,,,,
1766331840000000,87991.99,88000,87991.99,88000,,,,,,,,
1766331900000000,88000,88021.64,87993.83,88012.99,,,,,,,,
1766331960000000,88012.99,88012.99,87974.1,87982.96,,,,,,,,
1766332020000000,87982.96,88005.73,87982.95,88005.71,,,,,,,,
1766332080000000,88005.72,88067.33,88005.71,88067.32,,,,,,,,
1766332140000000,88067.32,88067.33,88008.44,88038.43,,,,,,,,
1766332200000000,88038.44,88117.39,88038.43,88098.01,,,,,,,,
1766332260000000,88098.01,88113.86,88086.64,88104.57,,,,,,,,
1766332320000000,88104.57,88111.14,88079.43,88110.92,,,,,,,,
1766332380000000,88110.93,88146.88,88110.92,88146.88,,,,,,,,
1766332440000000,88146.87,88272.34,88134.3,88212.36,,,,,,,,
1766332500000000,88212.36,88220.99,88044.04,88057.61,,,,,,,,
1766332560000000,88058.01,88099.04,88030.29,88073.99,,,,,,,,
1766332620000000,88073.99,88090.05,88063.74,88079.03,,,,,,,,
1766332680000000,88079.04,88079.04,88067.95,88067.96,,,,,,,,
1766332740000000,88067.96,88067.96,88067.95,88067.95,,,,,,,,
1766332800000000,88067.96,88067.96,88002.81,88006.01,,,,,,,,
1766332860000000,88006,88030.21,88000,88011.41,,,,,,,,
1766332920000000,88011.41,88047.79,88008.44,88038.98,,,,,,,,
1766332980000000,88038.98,88056.25,88030.7,88056.24,,,,,,,,
1766333040000000,88056.24,88060.48,88056.24,88060.48,,,,,,,,
1766333100000000,88060.48,88065.28,88056.47,88056.47,,,,,,,,
1766333160000000,88056.47,88114,88056.47,88113.99,,,,,,,,
1766333220000000,88113.99,88127.85,88110.28,88127.85,,,,,,,,
1766333280000000,88127.85,88160,88102.11,88102.11,,,,,,,,
1766333340000000,88102.11,88131.2,88102.11,88129.75,,,,,,,,
1766333400000000,88129.75,88129.75,88112.1,88112.1,,,,,,,,
1766333460000000,88112.1,88112.11,88036.79,88036.79,,,,,,,,
1766333520000000,88036.8,88080,88031.05,88064,,,,,,,,
1766333580000000,88064.01,88087.67,88064,88087.67,,,,,,,,
1766333640000000,88087.68,88087.68,88049.61,88049.62,,,,,,,,
1766333700000000,88049.62,88060.49,88049.61,88052.57,,,,,,,,
1766333760000000,88052.56,88052.57,87985.11,88020.43,,,,,,,,
1766333820000000,88020.43,88045.82,88020.43,88045.82,,,,,,,,
1766333880000000,88045.82,88100,88039.7,88099.99,,,,,,,,
1766333940000000,88100,88107.82,88092.42,88107.82,,,,,,,,
1766334000000000,88107.82,88199.85,88107.81,88187.11,,,,,,,,
1766334060000000,88187.1,88220,88173.18,88220,,,,,,,,
1766334120000000,88219.99,88250,88208.29,88228.57,,,,,,,,
1766334180000000,88228.57,88250,88228.57,88250,,,,,,,,
1766334240000000,88250,88311,88250,88281.09,,,,,,,,
1766334300000000,88281.09,88343.37,88281.09,88333.75,,,,,,,,
1766334360000000,88333.75,88346,88333.75,88333.75,,,,,,,,
1766334420000000,88333.76,88350,88296,88297.45,,,,,,,,
1766334480000000,88297.45,88297.46,88218.96,88233.22,,,,,,,,
1766334540000000,88233.23,88249.61,88224.39,88224.39,,,,,,,,
1766334600000000,88224.39,88270.99,88224.39,88231.64,,,,,,,,
1766334660000000,88231.65,88231.65,88231.64,88231.64,,,,,,,,
1766334720000000,88231.64,88231.65,88184,88184,,,,,,,,
1766334780000000,88184.01,88218.15,88177,88216.72,,,,,,,,
1766334840000000,88216.71,88227.76,88216.68,88216.68,,,,,,,,
1766334900000000,88216.68,88231.64,88216.68,88231.63,,,,,,,,
1766334960000000,88231.63,88249.39,88214.01,88214.02,,,,,,,,
1766335020000000,88214.01,88242.22,88214.01,88242.21,,,,,,,,
1766335080000000,88242.21,88242.22,88233.5,88233.5,,,,,,,,
1766335140000000,88233.51,88233.51,88200.15,88200.16,,,,,,,,
1766335200000000,88200.16,88217.01,88179.91,88179.92,,,,,,,,
1766335260000000,88179.92,88214.3,88179.91,88199.57,,,,,,,,
1766335320000000,88199.57,88199.58,88188.79,88188.79,,,,,,,,
1766335380000000,88188.79,88188.8,88188.79,88188.79,,,,,,,,
1766335440000000,88188.79,88188.8,88188.79,88188.79,,,,,,,,
1766335500000000,88188.79,88188.8,88188.79,88188.79,,,,,,,,
1766335560000000,88188.8,88188.8,88188.79,88188.8,,,,,,,,
1766335620000000,88188.79,88205.85,88188.79,88203.49,,,,,,,,
1766335680000000,88203.5,88215.27,88177.01,88215.26,,,,,,,,
1766335740000000,88215.26,88230.64,88215.26,88230.41,,,,,,,,
1766335800000000,88230.41,88256.56,88230,88256.55,,,,,,,,
1766335860000000,88256.55,88279.98,88256.55,88275.06,,,,,,,,
1766335920000000,88275.07,88306.6,88275.06,88280.92,,,,,,,,
1766335980000000,88280.92,88306.59,88280.9,88289.5,,,,,,,,
1766336040000000,88289.51,88289.51,88289.5,88289.51,,,,,,,,
1766336100000000,88289.51,88289.51,88274.42,88274.43,,,,,,,,
1766336160000000,88274.42,88300.01,88274.42,88300.01,,,,,,,,
1766336220000000,88300.01,88340,88300,88340,,,,,,,,
1766336280000000,88340,88342.08,88339.99,88341.5,,,,,,,,
1766336340000000,88341.51,88369,88341.5,88359.18,,,,,,,,
1766336400000000,88359.18,88424.31,88341.5,88341.5,,,,,,,,
1766336460000000,88341.5,88378.13,88341.5,88378.13,,,,,,,,
1766336520000000,88378.13,88435.76,88378.12,88431.21,,,,,,,,
1766336580000000,88431.2,88435.65,88411.5,88420.79,,,,,,,,
1766336640000000,88420.8,88420.8,88420.79,88420.79,,,,,,,,
1766336700000000,88420.79,88420.8,88401.4,88401.4,,,,,,,,
1766336760000000,88401.4,88401.41,88360.64,88361.95,,,,,,,,
1766336820000000,88361.94,88371.09,88361.94,88362.92,,,,,,,,
1766336880000000,88362.92,88417.87,88362.92,88417.87,,,,,,,,
1766336940000000,88417.86,88423.72,88404.13,88409.21,,,,,,,,
1766337000000000,88409.21,88439.97,88409.2,88439.97,,,,,,,,
1766337060000000,88439.97,88439.97,88409.36,88409.36,,,,,,,,
1766337120000000,88409.36,88421.76,88409.36,88421.75,,,,,,,,
1766337180000000,88421.76,88421.76,88409.2,88409.21,,,,,,,,
1766337240000000,88409.2,88412.92,88409.2,88412.91,,,,,,,,
1766337300000000,88412.91,88412.92,88395.05,88395.05,,,,,,,,
1766337360000000,88395.05,88406.49,88395.05,88406.49,,,,,,,,
1766337420000000,88406.48,88488.4,88406.48,88431.24,,,,,,,,
1766337480000000,88431.23,88488.92,88431.23,88488.92,,,,,,,,
1766337540000000,88488.91,88494.97,88460.01,88488.38,,,,,,,,
1766337600000000,88488.38,88488.39,88426.02,88426.03,,,,,,,,
1766337660000000,88426.03,88453.13,88426.02,88430.56,,,,,,,,
1766337720000000,88430.56,88471.04,88430.55,88453.91,,,,,,,,
1766337780000000,88453.92,88453.92,88421.99,88421.99,,,,,,,,
1766337840000000,88422,88433.39,88421.99,88433.38,,,,,,,,
1766337900000000,88433.39,88433.39,88419.99,88420.01,,,,,,,,
1766337960000000,88420.01,88420.01,88289.5,88304.03,,,,,,,,
1766338020000000,88304.03,88326.53,88280.67,88297.15,,,,,,,,
1766338080000000,88297.16,88310.09,88297,88304.66,,,,,,,,
1766338140000000,88304.66,88307.64,88304.66,88307.64,,,,,,,,
1766338200000000,88307.64,88318.23,88307.63,88318.23,,,,,,,,
1766338260000000,88318.23,88336.8,88299.67,88299.67,,,,,,,,
1766338320000000,88299.67,88328.88,88299.67,88328.87,,,,,,,,
1766338380000000,88328.88,88369.8,88328.88,88349.42,,,,,,,,
1766338440000000,88349.42,88355.8,88322.92,88347.03,,,,,,,,
1766338500000000,88347.02,88355.8,88333.58,88333.59,,,,,,,,
1766338560000000,88333.59,88333.59,88320,88320.01,,,,,,,,
1766338620000000,88320.01,88320.01,88298.54,88320.01,,,,,,,,
1766338680000000,88320.01,88365.3,88320.01,88365.29,,,,,,,,
1766338740000000,88365.28,88365.29,88345,88360.11,,,,,,,,
1766338800000000,88360.11,88375.08,88360.11,88375.08,,,,,,,,
1766338860000000,88375.08,88375.08,88375.07,88375.07,,,,,,,,
1766338920000000,88375.08,88391.96,88375.07,88391.95,,,,,,,,
1766338980000000,88391.96,88391.96,88391.95,88391.95,,,,,,,,
1766339040000000,88391.96,88391.96,88391.95,88391.96,,,,,,,,
1766339100000000,88391.96,88391.96,88391.95,88391.96,,,,,,,,
1766339160000000,88391.96,88391.96,88368.91,88368.92,,,,,,,,
1766339220000000,88368.92,88409.82,88368.91,88395.44,,,,,,,,
1766339280000000,88395.44,88395.45,88391.61,88391.61,,,,,,,,
1766339340000000,88391.62,88391.62,88360.08,88360.08,,,,,,,,
1766339400000000,88360.09,88360.09,88360.08,88360.09,,,,,,,,
1766339460000000,88360.08,88364.99,88330.44,88351.37,,,,,,,,
1766339520000000,88351.38,88351.38,88289.3,88333.48,,,,,,,,
1766339580000000,88333.49,88333.49,88333.48,88333.48,,,,,,,,
1766339640000000,88333.49,88333.49,88312.81,88312.82,,,,,,,,
1766339700000000,88312.81,88324.15,88312.81,88324.15,,,,,,,,
1766339760000000,88324.15,88324.15,88324.14,88324.15,,,,,,,,
1766339820000000,88324.14,88324.15,88324.14,88324.15,,,,,,,,
1766339880000000,88324.14,88324.15,88324.14,88324.14,,,,,,,,
1766339940000000,88324.15,88324.15,88324.14,88324.14,,,,,,,,
1766340000000000,88324.14,88324.14,88304.85,88309.7,,,,,,,,
1766340060000000,88309.69,88309.7,88258,88258.01,,,,,,,,
1766340120000000,88258.01,88262.01,88253.88,88253.89,,,,,,,,
1766340180000000,88253.89,88253.89,88177,88177.01,,,,,,,,
1766340240000000,88177.01,88217.23,88177.01,88212.87,,,,,,,,
1766340300000000,88212.88,88212.88,88161.31,88175.42,,,,,,,,
1766340360000000,88175.42,88175.42,88115.84,88129.18,,,,,,,,
1766340420000000,88129.19,88129.19,88030.46,88058.99,,,,,,,,
1766340480000000,88059,88100,88058.99,88099.99,,,,,,,,
1766340540000000,88100,88100.01,88074.17,88090.1,,,,,,,,
1766340600000000,88090.09,88090.1,88000,88000,,,,,,,,
1766340660000000,88000,88090,87999.98,88090,,,,,,,,
1766340720000000,88089.99,88089.99,87950,87960.39,,,,,,,,
1766340780000000,87960.39,87988.79,87960.39,87970.8,,,,,,,,
1766340840000000,87970.8,87986.62,87970.8,87986.61,,,,,,,,
1766340900000000,87986.61,88007.08,87964.82,88007.08,,,,,,,,
1766340960000000,88007.07,88045.84,88004.17,88045.83,,,,,,,,
1766341020000000,88045.83,88066.56,88045.83,88056.57,,,,,,,,
1766341080000000,88056.57,88105.79,88056.57,88105.79,,,,,,,,
1766341140000000,88105.78,88105.78,88080,88080.01,,,,,,,,
1766341200000000,88080.01,88090.84,88080,88083.27,,,,,,,,
1766341260000000,88083.26,88083.26,88033.56,88047.44,,,,,,,,
1766341320000000,88047.43,88056.79,88047.43,88056.78,,,,,,,,
1766341380000000,88056.78,88056.79,88056.78,88056.78,,,,,,,,
1766341440000000,88056.78,88056.79,88034.63,88034.64,,,,,,,,
1766341500000000,88034.63,88063.87,88021.67,88063.86,,,,,,,,
1766341560000000,88063.87,88063.87,88051.42,88053.44,,,,,,,,
1766341620000000,88053.44,88065.95,88053.44,88055.76,,,,,,,,
1766341680000000,88055.76,88123.67,88055.75,88123.66,,,,,,,,
1766341740000000,88123.67,88126.26,88117.49,88126.25,,,,,,,,
1766341800000000,88126.25,88149.25,88113.87,88149.24,,,,,,,,
1766341860000000,88149.25,88182.68,88129.6,88182.68,,,,,,,,
1766341920000000,88182.67,88233.25,88169.87,88201.47,,,,,,,,
1766341980000000,88201.46,88235.56,88201.46,88235.56,,,,,,,,
1766342040000000,88235.55,88235.56,88210.26,88210.27,,,,,,,,
1766342100000000,88210.27,88210.27,88201.43,88201.44,,,,,,,,
1766342160000000,88201.43,88299.69,88201.43,88299.69,,,,,,,,
1766342220000000,88299.68,88299.69,88251.5,88251.51,,,,,,,,
1766342280000000,88251.5,88290.68,88251.5,88290.68,,,,,,,,
1766342340000000,88290.67,88290.67,88266.93,88272.83,,,,,,,,
1766342400000000,88272.82,88272.83,88272.82,88272.82,,,,,,,,
1766342460000000,88272.82,88272.83,88272.34,88272.34,,,,,,,,
1766342520000000,88272.35,88272.35,88255.17,88267.8,,,,,,,,
1766342580000000,88267.81,88278.53,88267.8,88278.52,,,,,,,,
1766342640000000,88278.53,88278.53,88278.52,88278.53,,,,,,,,
1766342700000000,88278.53,88290.86,88278.52,88290.86,,,,,,,,
1766342760000000,88290.86,88323.82,88290.85,88323.81,,,,,,,,
1766342820000000,88323.81,88323.82,88300.92,88317.89,,,,,,,,
1766342880000000,88317.89,88327.9,88317.89,88327.89,,,,,,,,
1766342940000000,88327.89,88327.89,88290.85,88292.63,,,,,,,,
1766343000000000,88292.64,88300.46,88292.63,88300.46,,,,,,,,
1766343060000000,88300.46,88300.46,88300.45,88300.46,,,,,,,,
1766343120000000,88300.46,88301,88270.26,88301,,,,,,,,
1766343180000000,88301,88337.64,88300.99,88337.64,,,,,,,,
1766343240000000,88337.63,88405.43,88333.27,88347.63,,,,,,,,
1766343300000000,88347.64,88429.51,88347.64,88400,,,,,,,,
1766343360000000,88400.01,88402.28,88400,88400.01,,,,,,,,
1766343420000000,88400.01,88451.84,88400,88451.83,,,,,,,,
1766343480000000,88451.84,88451.84,88441.01,88441.02,,,,,,,,
1766343540000000,88441.02,88451.84,88441.01,88445.09,,,,,,,,
1766343600000000,88445.08,88500,88445.08,88473.7,,,,,,,,
1766343660000000,88473.69,88510.15,88473.69,88489.7,,,,,,,,
1766343720000000,88489.7,88489.7,88446,88446.01,,,,,,,,
1766343780000000,88446.01,88462.82,88391.15,88391.15,,,,,,,,
1766343840000000,88391.16,88406.89,88326.01,88406.88,,,,,,,,
1766343900000000,88406.88,88450,88406.88,88437.02,,,,,,,,
1766343960000000,88437.03,88437.03,88420,88435.91,,,,,,,,
1766344020000000,88435.91,88435.92,88371.5,88371.51,,,,,,,,
1766344080000000,88371.5,88398.32,88371.5,88398.31,,,,,,,,
1766344140000000,88398.32,88398.32,88361.15,88385.89,,,,,,,,
1766344200000000,88385.88,88385.89,88370.31,88370.31,,,,,,,,
1766344260000000,88370.31,88421.21,88370.31,88394.69,,,,,,,,
1766344320000000,88394.68,88412.36,88394.68,88404.04,,,,,,,,
1766344380000000,88404.05,88404.05,88379.28,88379.28,,,,,,,,
1766344440000000,88379.28,88379.29,88379.28,88379.28,,,,,,,,
1766344500000000,88379.29,88390,88379.27,88390,,,,,,,,
1766344560000000,88390,88390,88381.16,88390,,,,,,,,
1766344620000000,88389.99,88390,88389.99,88390,,,,,,,,
1766344680000000,88390,88390,88389.99,88390,,,,,,,,
1766344740000000,88389.99,88390,88389.99,88390,,,,,,,,
1766344800000000,88389.99,88390,88376.99,88377,,,,,,,,
1766344860000000,88376.99,88377,88370.01,88373.56,,,,,,,,
1766344920000000,88373.57,88382.37,88367.5,88367.51,,,,,,,,
1766344980000000,88367.5,88367.5,88352,88358.68,,,,,,,,
1766345040000000,88358.68,88363.51,88358.67,88363.51,,,,,,,,
1766345100000000,88363.51,88363.51,88363.5,88363.51,,,,,,,,
1766345160000000,88363.51,88363.51,88363.5,88363.51,,,,,,,,
1766345220000000,88363.5,88363.51,88363.5,88363.51,,,,,,,,
1766345280000000,88363.5,88363.51,88323.49,88323.5,,,,,,,,
1766345340000000,88323.5,88358.46,88323.49,88358.45,,,,,,,,
1766345400000000,88358.45,88358.45,88328.45,88328.46,,,,,,,,
1766345460000000,88328.45,88328.46,88309.06,88310.09,,,,,,,,
1766345520000000,88310.09,88310.1,88288.6,88309.99,,,,,,,,
1766345580000000,88309.99,88310,88274.76,88274.76,,,,,,,,
1766345640000000,88274.76,88274.77,88201.58,88261.17,,,,,,,,
1766345700000000,88261.18,88279.33,88258.44,88258.44,,,,,,,,
1766345760000000,88258.44,88318.83,88258.44,88318.82,,,,,,,,
1766345820000000,88318.83,88350.67,88318.83,88336.49,,,,,,,,
1766345880000000,88336.49,88340,88327.07,88340,,,,,,,,
1766345940000000,88339.99,88387.77,88333.7,88370.64,,,,,,,,
1766346000000000,88370.64,88377.57,88360.19,88377.57,,,,,,,,
1766346060000000,88377.57,88424.6,88377.56,88416.52,,,,,,,,
1766346120000000,88416.52,88424.6,88416.51,88424.59,,,,,,,,
1766346180000000,88424.59,88424.6,88416.52,88420.95,,,,,,,,
1766346240000000,88420.95,88420.95,88420.94,88420.95,,,,,,,,
1766346300000000,88420.95,88420.95,88411.1,88411.11,,,,,,,,
1766346360000000,88411.11,88411.11,88374.19,88374.2,,,,,,,,
1766346420000000,88374.2,88374.2,88373.18,88373.18,,,,,,,,
1766346480000000,88373.18,88373.19,88373.18,88373.19,,,,,,,,
1766346540000000,88373.18,88391.16,88359.99,88391.16,,,,,,,,
1766346600000000,88391.16,88428.27,88391.15,88411.94,,,,,,,,
1766346660000000,88411.93,88550,88411.93,88550,,,,,,,,
1766346720000000,88549.99,88550,88488.39,88507.01,,,,,,,,
1766346780000000,88507,88571.34,88507,88556.27,,,,,,,,
1766346840000000,88556.27,88600,88516.66,88545.72,,,,,,,,
1766346900000000,88545.71,88588.37,88491.62,88494.01,,,,,,,,
1766346960000000,88494,88511.97,88494,88509.21,,,,,,,,
1766347020000000,88509.21,88509.21,88502.23,88509.19,,,,,,,,
1766347080000000,88509.19,88509.2,88483.99,88484,,,,,,,,
1766347140000000,88484,88484.01,88484,88484.01,,,,,,,,
1766347200000000,88484.01,88484.01,88484,88484.01,,,,,,,,
1766347260000000,88484.01,88500,88473.46,88500,,,,,,,,
1766347320000000,88500,88500,88464.36,88464.36,,,,,,,,
1766347380000000,88464.37,88484.76,88431.14,88431.14,,,,,,,,
1766347440000000,88431.15,88458.8,88431.14,88458.79,,,,,,,,
1766347500000000,88458.79,88458.8,88434.62,88440.94,,,,,,,,
1766347560000000,88440.94,88440.94,88440.93,88440.94,,,,,,,,
1766347620000000,88440.93,88440.94,88440.93,88440.93,,,,,,,,
1766347680000000,88440.94,88440.94,88437.43,88437.44,,,,,,,,
1766347740000000,88437.43,88437.43,88379.64,88379.65,,,,,,,,
1766347800000000,88379.64,88411.97,88376.67,88382.44,,,,,,,,
1766347860000000,88382.43,88382.44,88324.22,88348.07,,,,,,,,
1766347920000000,88348.08,88348.08,88316.45,88316.45,,,,,,,,
1766347980000000,88316.45,88325.07,88315.66,88325.07,,,,,,,,
1766348040000000,88325.07,88325.07,88312.31,88312.32,,,,,,,,
1766348100000000,88312.32,88354.7,88312.32,88328.22,,,,,,,,
1766348160000000,88328.22,88328.22,88322.01,88322.01,,,,,,,,
1766348220000000,88322.02,88322.02,88321.43,88321.44,,,,,,,,
1766348280000000,88321.44,88322.01,88312.31,88312.32,,,,,,,,
1766348340000000,88312.32,88322,88307.78,88307.79,,,,,,,,
1766348400000000,88307.79,88307.79,88291.22,88291.23,,,,,,,,
1766348460000000,88291.23,88300.07,88291.22,88300.07,,,,,,,,
1766348520000000,88300.07,88300.07,88280.54,88280.82,,,,,,,,
1766348580000000,88280.83,88307.78,88280.82,88307.77,,,,,,,,
1766348640000000,88307.77,88307.78,88307.77,88307.77,,,,,,,,
1766348700000000,88307.78,88307.78,88307.77,88307.78,,,,,,,,
1766348760000000,88307.77,88321.02,88307.77,88321.02,,,,,,,,
1766348820000000,88321.02,88328.22,88298.97,88298.97,,,,,,,,
1766348880000000,88298.98,88298.98,88298.97,88298.97,,,,,,,,
1766348940000000,88298.98,88298.98,88291.73,88291.74,,,,,,,,
1766349000000000,88291.73,88296.89,88280.66,88280.67,,,,,,,,
1766349060000000,88280.66,88280.67,88280.66,88280.67,,,,,,,,
1766349120000000,88280.66,88280.67,88278.41,88278.42,,,,,,,,
1766349180000000,88278.42,88304.41,88278.41,88304.41,,,,,,,,
1766349240000000,88304.4,88304.4,88280.65,88286.57,,,,,,,,
1766349300000000,88286.57,88319.77,88286.57,88305.91,,,,,,,,
1766349360000000,88305.9,88305.91,88305.9,88305.91,,,,,,,,
1766349420000000,88305.9,88314.74,88305.9,88307.39,,,,,,,,
1766349480000000,88307.4,88314.72,88307.39,88314.72,,,,,,,,
1766349540000000,88314.72,88314.72,88292.55,88292.56,,,,,,,,
1766349600000000,88292.55,88305.12,88292.55,88297.76,,,,,,,,
1766349660000000,88297.76,88315.01,88297.75,88306.18,,,,,,,,
1766349720000000,88306.17,88306.18,88306.17,88306.18,,,,,,,,
1766349780000000,88306.18,88306.18,88297.33,88297.34,,,,,,,,
1766349840000000,88297.33,88297.34,88291.65,88291.66,,,,,,,,
1766349900000000,88291.66,88291.66,88291.65,88291.66,,,,,,,,
1766349960000000,88291.66,88291.66,88280.57,88280.58,,,,,,,,
1766350020000000,88280.57,88280.58,88270.5,88274.01,,,,,,,,
1766350080000000,88274.01,88291.66,88274.01,88291.66,,,,,,,,
1766350140000000,88291.65,88291.66,88284.84,88291.65,,,,,,,,
1766350200000000,88291.65,88291.66,88258.16,88258.17,,,,,,,,
1766350260000000,88258.16,88258.17,88252.72,88252.73,,,,,,,,
1766350320000000,88252.73,88252.73,88250.01,88250.01,,,,,,,,
1766350380000000,88250.02,88250.02,88250.01,88250.01,,,,,,,,
1766350440000000,88250.01,88250.02,88232.81,88232.82,,,,,,,,
1766350500000000,88232.82,88243.71,88232.81,88243.7,,,,,,,,
1766350560000000,88243.71,88252.55,88243.7,88252.55,,,,,,,,
1766350620000000,88252.54,88252.55,88230.76,88230.77,,,,,,,,
1766350680000000,88230.76,88230.97,88230.76,88230.96,,,,,,,,
1766350740000000,88230.96,88230.97,88230.96,88230.96,,,,,,,,
1766350800000000,88230.97,88230.97,88217.24,88217.24,,,,,,,,
1766350860000000,88217.24,88217.25,88180.33,88200.95,,,,,,,,
1766350920000000,88200.94,88200.95,88192.11,88192.12,,,,,,,,
1766350980000000,88192.12,88202.54,88192.11,88202.53,,,,,,,,
1766351040000000,88202.53,88248.47,88202.53,88248.47,,,,,,,,
1766351100000000,88248.47,88248.47,88239.87,88239.88,,,,,,,,
1766351160000000,88239.88,88276.45,88239.87,88275.08,,,,,,,,
1766351220000000,88275.07,88275.08,88256.79,88267.52,,,,,,,,
1766351280000000,88267.52,88279.99,88267.52,88279.99,,,,,,,,
1766351340000000,88279.99,88279.99,88260.37,88260.38,,,,,,,,
1766351400000000,88260.37,88280,88260.37,88280,,,,,,,,
1766351460000000,88279.99,88279.99,88262.27,88269.36,,,,,,,,
1766351520000000,88269.36,88269.36,88269.35,88269.35,,,,,,,,
1766351580000000,88269.36,88269.36,88260.23,88267.99,,,,,,,,
1766351640000000,88268,88268,88267.31,88267.32,,,,,,,,
1766351700000000,88267.32,88311.51,88261.33,88311.5,,,,,,,,
1766351760000000,88311.5,88315.73,88306.89,88315.72,,,,,,,,
1766351820000000,88315.73,88315.73,88315.72,88315.72,,,,,,,,
1766351880000000,88315.73,88338.35,88315.72,88338.34,,,,,,,,
1766351940000000,88338.35,88368.62,88338.34,88368.62,,,,,,,,
1766352000000000,88368.61,88368.62,88368.61,88368.62,,,,,,,,
1766352060000000,88368.61,88368.83,88368.61,88368.82,,,,,,,,
1766352120000000,88368.82,88368.82,88345.55,88345.55,,,,,,,,
1766352180000000,88345.55,88345.56,88345.55,88345.56,,,,,,,,
1766352240000000,88345.56,88345.56,88345.55,88345.56,,,,,,,,
1766352300000000,88345.56,88363.22,88345.55,88363.21,,,,,,,,
1766352360000000,88363.22,88363.22,88352.09,88352.09,,,,,,,,
1766352420000000,88352.09,88352.1,88352.09,88352.09,,,,,,,,
1766352480000000,88352.09,88362.85,88352.09,88362.85,,,,,,,,
1766352540000000,88362.84,88362.85,88341.59,88341.6,,,,,,,,
1766352600000000,88341.6,88341.6,88341.59,88341.59,,,,,,,,
1766352660000000,88341.6,88368.83,88341.59,88356.35,,,,,,,,
1766352720000000,88356.35,88365.19,88356.35,88356.6,,,,,,,,
1766352780000000,88356.61,88364.18,88356.6,88364.17,,,,,,,,
1766352840000000,88364.18,88364.18,88364.17,88364.18,,,,,,,,
1766352900000000,88364.18,88364.18,88351.87,88351.87,,,,,,,,
1766352960000000,88351.88,88351.88,88351.87,88351.87,,,,,,,,
1766353020000000,88351.87,88351.88,88284.65,88284.66,,,,,,,,
1766353080000000,88284.66,88284.66,88284.65,88284.66,,,,,,,,
1766353140000000,88284.65,88300.55,88277.22,88277.22,,,,,,,,
1766353200000000,88277.23,88277.23,88264,88264.01,,,,,,,,
1766353260000000,88264,88264.01,88264,88264.01,,,,,,,,
1766353320000000,88264.01,88264.01,88260.54,88260.55,,,,,,,,
1766353380000000,88260.55,88260.55,88260.54,88260.55,,,,,,,,
1766353440000000,88260.54,88260.55,88214.46,88235.27,,,,,,,,
1766353500000000,88235.27,88240.73,88227.37,88240.73,,,,,,,,
1766353560000000,88240.73,88240.73,88173.03,88173.03,,,,,,,,
1766353620000000,88173.03,88218.61,88161.54,88177.18,,,,,,,,
1766353680000000,88177.18,88177.18,88159.26,88159.26,,,,,,,,
1766353740000000,88159.27,88159.27,88150.02,88150.02,,,,,,,,
1766353800000000,88150.03,88161.01,88150.02,88151.99,,,,,,,,
1766353860000000,88151.99,88151.99,88091.96,88133.33,,,,,,,,
1766353920000000,88133.32,88133.33,88092.08,88095.59,,,,,,,,
1766353980000000,88095.59,88129,88095.59,88128.99,,,,,,,,
1766354040000000,88129,88158.74,88128.99,88158.74,,,,,,,,
1766354100000000,88158.74,88166,88140.82,88140.82,,,,,,,,
1766354160000000,88140.83,88165.5,88140.82,88165.5,,,,,,,,
1766354220000000,88165.5,88165.5,88162.85,88162.86,,,,,,,,
1766354280000000,88162.85,88162.86,88162.85,88162.86,,,,,,,,
1766354340000000,88162.85,88162.86,88162.85,88162.86,,,,,,,,
1766354400000000,88162.86,88162.86,88120.99,88120.99,,,,,,,,
1766354460000000,88121,88121,88120.99,88120.99,,,,,,,,
1766354520000000,88120.99,88172.25,88120.99,88172.24,,,,,,,,
1766354580000000,88172.24,88185.75,88165.16,88167.38,,,,,,,,
1766354640000000,88167.37,88187.03,88167.37,88175.74,,,,,,,,
1766354700000000,88175.75,88188,88175.74,88188,,,,,,,,
1766354760000000,88187.99,88199.17,88187.99,88199.16,,,,,,,,
1766354820000000,88199.16,88199.17,88199.16,88199.16,,,,,,,,
1766354880000000,88199.16,88203.88,88199.16,88203.87,,,,,,,,
1766354940000000,88203.87,88203.88,88190.85,88190.85,,,,,,,,
1766355000000000,88190.86,88199.68,88190.85,88199.68,,,,,,,,
1766355060000000,88199.67,88199.68,88199.67,88199.67,,,,,,,,
1766355120000000,88199.68,88199.68,88199.67,88199.68,,,,,,,,
1766355180000000,88199.68,88339.54,88199.67,88339.54,,,,,,,,
1766355240000000,88339.54,88370.59,88318.63,88370.59,,,,,,,,
1766355300000000,88370.59,88470,88370.58,88470,,,,,,,,
1766355360000000,88470,88470,88387.61,88389.08,,,,,,,,
1766355420000000,88390.68,88412.75,88374.18,88374.18,,,,,,,,
1766355480000000,88374.17,88374.18,88340.11,88340.11,,,,,,,,
1766355540000000,88340.11,88340.12,88252.11,88262.08,,,,,,,,
1766355600000000,88262.08,88279.99,88252.06,88279.99,,,,,,,,
1766355660000000,88279.98,88287.63,88279.98,88287.62,,,,,,,,
1766355720000000,88287.63,88287.63,88287.62,88287.63,,,,,,,,
1766355780000000,88287.63,88287.63,88274.76,88274.76,,,,,,,,
1766355840000000,88274.5,88277.66,88274.5,88277.66,,,,,,,,
1766355900000000,88277.66,88287.63,88262,88287.63,,,,,,,,
1766355960000000,88287.62,88343.79,88287.62,88341.55,,,,,,,,
1766356020000000,88341.54,88349.9,88332.67,88349.89,,,,,,,,
1766356080000000,88349.9,88357.89,88332.08,88338.45,,,,,,,,
1766356140000000,88338.46,88357.8,88338.45,88357.8,,,,,,,,
1766356200000000,88357.8,88440,88357.79,88439.99,,,,,,,,
1766356260000000,88440,88440,88322.86,88322.86,,,,,,,,
1766356320000000,88322.87,88343.92,88297.82,88297.82,,,,,,,,
1766356380000000,88297.83,88326.07,88297.82,88326.07,,,,,,,,
1766356440000000,88326.07,88366.02,88326.06,88366.02,,,,,,,,
1766356500000000,88366.01,88370.23,88366.01,88370.22,,,,,,,,
1766356560000000,88370.23,88382.44,88370.22,88382.43,,,,,,,,
1766356620000000,88382.43,88382.44,88370.22,88370.22,,,,,,,,
1766356680000000,88370.22,88398.46,88370.22,88398.45,,,,,,,,
1766356740000000,88398.45,88398.46,88370.51,88370.52,,,,,,,,
1766356800000000,88370.51,88416.84,88364.08,88416.83,,,,,,,,
1766356860000000,88416.84,88431.96,88416.83,88421.8,,,,,,,,
1766356920000000,88421.81,88431.4,88421.8,88431.4,,,,,,,,
1766356980000000,88431.4,88441.24,88421.8,88441.24,,,,,,,,
1766357040000000,88441.23,88441.24,88378.26,88378.26,,,,,,,,
1766357100000000,88378.27,88382.67,88378.26,88382.67,,,,,,,,
1766357160000000,88382.67,88436,88382.66,88436,,,,,,,,
1766357220000000,88436,88436,88401.04,88401.05,,,,,,,,
1766357280000000,88401.05,88401.05,88368.71,88383.66,,,,,,,,
1766357340000000,88383.66,88420,88383.66,88419.99,,,,,,,,
1766357400000000,88419.99,88423.28,88419.99,88423.28,,,,,,,,
1766357460000000,88423.28,88450,88423.27,88450,,,,,,,,
1766357520000000,88449.99,88460.96,88449.99,88460,,,,,,,,
1766357580000000,88459.99,88460,88427.58,88455.57,,,,,,,,
1766357640000000,88455.57,88474.39,88455.57,88474.39,,,,,,,,
1766357700000000,88474.38,88474.39,88471.66,88471.67,,,,,,,,
1766357760000000,88471.67,88471.67,88460.21,88460.22,,,,,,,,
1766357820000000,88460.22,88466.15,88460.21,88466.14,,,,,,,,
1766357880000000,88466.14,88466.23,88466.14,88466.23,,,,,,,,
1766357940000000,88466.23,88494.99,88458.5,88483.63,,,,,,,,
1766358000000000,88483.64,88534,88483.63,88515.04,,,,,,,,
1766358060000000,88515.04,88687.59,88515.04,88687.58,,,,,,,,
1766358120000000,88687.58,88823.52,88659.52,88696.32,,,,,,,,
1766358180000000,88696.31,88732,88626,88719.99,,,,,,,,
1766358240000000,88719.99,88746.57,88640.59,88706.42,,,,,,,,
1766358300000000,88706.41,88734.96,88637.16,88649.05,,,,,,,,
1766358360000000,88649.04,88649.04,88510.15,88525.98,,,,,,,,
1766358420000000,88525.99,88579.99,88525.98,88578.43,,,,,,,,
1766358480000000,88578.43,88593.47,88557.23,88564.44,,,,,,,,
1766358540000000,88564.44,88649.99,88547.94,88621.32,,,,,,,,
1766358600000000,88621.31,88625.87,88566.4,88566.41,,,,,,,,
1766358660000000,88566.41,88585.43,88553.13,88553.14,,,,,,,,
1766358720000000,88553.14,88568.66,88532.71,88568.66,,,,,,,,
1766358780000000,88568.65,88568.66,88534.71,88534.71,,,,,,,,
1766358840000000,88534.72,88535.82,88521.7,88521.7,,,,,,,,
1766358900000000,88521.7,88627.07,88518.66,88627.07,,,,,,,,
1766358960000000,88627.06,88650,88575.55,88599.82,,,,,,,,
1766359020000000,88599.81,88617,88595.17,88595.18,,,,,,,,
1766359080000000,88595.18,88595.18,88520.28,88571.55,,,,,,,,
1766359140000000,88571.56,88615.84,88560.42,88595.2,,,,,,,,
1766359200000000,88595.2,88595.51,88581.97,88581.97,,,,,,,,
1766359260000000,88581.98,88619.94,88581.98,88605.63,,,,,,,,
1766359320000000,88605.63,88614.49,88596.56,88596.57,,,,,,,,
1766359380000000,88596.57,88620.6,88596.57,88620.6,,,,,,,,
1766359440000000,88620.59,88632.87,88620.59,88623.5,,,,,,,,
1766359500000000,88623.5,88623.5,88609.91,88609.92,,,,,,,,
1766359560000000,88609.92,88609.92,88537.83,88537.84,,,,,,,,
1766359620000000,88537.83,88541.34,88515.46,88515.46,,,,,,,,
1766359680000000,88515.46,88515.47,88487.1,88487.1,,,,,,,,
1766359740000000,88487.1,88487.11,88450,88450,,,,,,,,
1766359800000000,88450,88460,88383.65,88430.84,,,,,,,,
1766359860000000,88430.84,88439.69,88402.8,88425.41,,,,,,,,
1766359920000000,88425.4,88434.26,88388,88388.66,,,,,,,,
1766359980000000,88388.66,88388.67,88374.74,88384.44,,,,,,,,
1766360040000000,88384.45,88384.45,88384.44,88384.45,,,,,,,,
1766360100000000,88384.45,88433.91,88384.44,88426.33,,,,,,,,
1766360160000000,88426.33,88462,88426.33,88461.99,,,,,,,,
1766360220000000,88461.99,88462,88444.04,88452.89,,,,,,,,
1766360280000000,88452.89,88493.15,88452.88,88493.15,,,,,,,,
1766360340000000,88493.14,88569.98,88478.65,88550.78,,,,,,,,
1766360400000000,88550.79,88551,88541.09,88551,,,,,,,,
1766360460000000,88551,88551,88533.74,88533.75,,,,,,,,
1766360520000000,88533.75,88558.84,88524.61,88524.61,,,,,,,,
1766360580000000,88524.61,88524.62,88481.88,88498.09,,,,,,,,
1766360640000000,88498.1,88498.1,88483.85,88483.85,,,,,,,,
1766360700000000,88483.85,88495.9,88483.85,88495.9,,,,,,,,
1766360760000000,88495.9,88534.28,88495.9,88534.27,,,,,,,,
1766360820000000,88534.27,88537.98,88534.27,88537.97,,,,,,,,
1766360880000000,88537.97,88573.98,88522.31,88530.52,,,,,,,,
1766360940000000,88530.52,88536.28,88522.31,88534.95,,,,,,,,
1766361000000000,88534.95,88551.93,88534.94,88551.92,,,,,,,,
1766361060000000,88551.93,88650,88551.92,88650,,,,,,,,
1766361120000000,88649.99,88650,88618.08,88626.92,,,,,,,,
1766361180000000,88626.92,88649.82,88591.13,88599.99,,,,,,,,
1766361240000000,88600,88609.92,88599.99,88609.91,,,,,,,,
1766361300000000,88609.92,88625.86,88609.91,88623.72,,,,,,,,
1766361360000000,88623.72,88635.17,88623.71,88626.32,,,,,,,,
1766361420000000,88626.32,88649.79,88626.31,88649.78,,,,,,,,
1766361480000000,88649.79,88649.79,88639.99,88640,,,,,,,,
1766361540000000,88640,88658.87,88634.84,88658.86,,,,,,,,
